0   0.148910268184   0.149527175136   0.15
10   0.14824701918   0.148882397206   0.15
20   0.0607106764094   0.0611083225107   0.15
30   0.0608125320177   0.0611989889171   0.15
40   0.0596293458249   0.0600007143232   0.15
50   0.0596232208206   0.0599949189277   0.15
60   0.0596207772292   0.0599921473958   0.15
70   0.0595798913927   0.0599473718698   0.15
80   0.0595794396361   0.0599469555964   0.15
90   0.0595775055034   0.0599415099445   0.15
100   0.0595759074645   0.0599395868704   0.15
110   0.0595759096162   0.0599395883051   0.15
120   0.0590361530805   0.0593919932949   0.15
130   0.0547473091742   0.055123657618   0.15
140   0.0552472471954   0.0556274771714   0.15
150   0.0382257940569   0.0386657975944   0.15
160   0.0384758871315   0.0389252509168   0.15
170   0.0379686109765   0.0384010858266   0.15
180   0.0222643275404   0.0226130980183   0.15
190   0.0102562017161   0.0104410814885   0.15
200   0.0102562017161   0.0104410814885   0.15
210   0.0102549482316   0.0104397689799   0.15
220   0.0101776736865   0.0103460070653   0.15
230   0.0101779185859   0.0103463293927   0.15
240   0.0101770252599   0.010345452746   0.15
250   0.0101471161111   0.0103121399217   0.15
260   0.0098447061882   0.0100100753216   0.15
270   0.00554022093688   0.00566002106219   0.15
280   0.00553852343463   0.00565871404429   0.15
290   0.00551369724415   0.005632713631   0.15
300   0.00546336317948   0.0055807527241   0.15
310   0.00403882598404   0.00413609754996   0.15
320   0.00401154928328   0.00410850298804   0.15
330   0.00395078767181   0.00400920014294   0.15
340   0.00395087633606   0.0040093705018   0.15
350   0.00349334001097   0.00352028955384   0.15
360   0.00349047375221   0.00351854122909   0.15
370   0.00347925162823   0.00350488116452   0.15
380   0.00347754851213   0.0035015925213   0.15
390   0.00347441078862   0.00349557804624   0.15
400   0.00347307987364   0.00349448807796   0.15
410   0.0034312404846   0.00344106464744   0.15
420   0.0034311962311   0.00344112975599   0.15
430   0.00343096825275   0.00344013468773   0.15
440   0.00343073532945   0.0034400674917   0.15
450   0.00342989084507   0.00343934838846   0.15
460   0.00342982249864   0.00343846120122   0.15
470   0.00342803632988   0.00343758627533   0.15
480   0.00343033543019   0.00343891996076   0.15
490   0.0034259107745   0.00343448465244   0.15
500   0.00342438484559   0.00343252834403   0.15
510   0.00342283773815   0.00343184062701   0.15
520   0.00341979539915   0.00343018245069   0.15
530   0.00341950167946   0.00342951862233   0.15
540   0.00341395149983   0.00342216445495   0.15
550   0.00337986150756   0.00338083791461   0.15
560   0.00337986150494   0.00338083791221   0.15
570   0.00337924701646   0.00338052706789   0.15
580   0.00337924817203   0.00338052800097   0.15
590   0.00337924699451   0.00338052705203   0.15
600   0.0033792476618   0.00338048963829   0.15
610   0.00337915930565   0.00338043656237   0.15
620   0.0033791590895   0.00338043285822   0.15
630   0.00337915908949   0.00338043285821   0.15
640   0.00337912963392   0.00338042764443   0.15
650   0.00337912963392   0.00338042764443   0.15
660   0.00337912962794   0.00338042763991   0.15
670   0.0033791290664   0.00338042758282   0.15
680   0.00337840290374   0.0033790444852   0.15
690   0.00337840290338   0.00337904448462   0.15
700   0.00337840290337   0.00337904448462   0.15
710   0.00337826423949   0.00337874969297   0.15
720   0.00337825409   0.00337867859415   0.15
730   0.00337812424906   0.00337845388781   0.15
740   0.00337812424621   0.00337845388601   0.15
750   0.00337812422457   0.00337845387309   0.15
760   0.00337810230347   0.00337845376341   0.15
770   0.00140638175953   0.0014065368222   0.15
780   0.00140638163916   0.00140653666177   0.15
790   0.00140638163863   0.00140653666142   0.15
800   0.00140638152669   0.0014065366542   0.15
810   0.0014063815245   0.00140653665329   0.15
820   0.00140636684784   0.00140653424461   0.15
830   0.00140634587825   0.00140641730917   0.15
840   0.0014063450615   0.00140641727464   0.15
850   0.000740790951109   0.000740869080825   0.15
860   0.000740790951069   0.000740869080762   0.15
870   0.00048767197599   0.000487724587221   0.15
880   0.000487671975909   0.000487724587217   0.15
890   0.000487671927115   0.000487724526505   0.15
900   0.000214481322136   0.000214504953322   0.15
910   0.000214481322138   0.000214504953325   0.15
920   0.00021448079643   0.000214499464495   0.15
930   0.000214480796039   0.00021449946407   0.15
940   0.000214476755783   0.000214486216101   0.15
950   0.00021447675572   0.000214486216099   0.15
960   0.000214476508537   0.000214485819653   0.15
970   0.000214476508531   0.000214485819651   0.15
980   0.000179187504734   0.000179195156348   0.15
990   0.000179188638503   0.00017920490683   0.15
0   0.0887946309877   0.0888284086016   0.35
10   0.0888339039847   0.0888656261841   0.35
20   0.0892979870794   0.089324204157   0.35
30   0.0899245138456   0.0899340470491   0.35
40   0.0898820704864   0.0898905232968   0.35
50   0.0898582753657   0.0898704491643   0.35
60   0.0555851357725   0.055855063645   0.35
70   0.0555501538057   0.0558212880159   0.35
80   0.0555501307403   0.0558212583265   0.35
90   0.0555729033115   0.0558433231257   0.35
100   0.0555336039863   0.0558055108277   0.35
110   0.0551155680681   0.0554089415744   0.35
120   0.0549485710274   0.0552498428325   0.35
130   0.0543127643958   0.0546646504098   0.35
140   0.0541395102073   0.0544817692454   0.35
150   0.0541490309689   0.0544946426504   0.35
160   0.0540180825696   0.0543702549739   0.35
170   0.0539938765424   0.0543480960976   0.35
180   0.054350192625   0.0546912120283   0.35
190   0.05361118423   0.0539840545428   0.35
200   0.0528520214861   0.0532336668123   0.35
210   0.0462747841316   0.0464905624212   0.35
220   0.0386878143662   0.0388863841182   0.35
230   0.0386715609695   0.0388718243129   0.35
240   0.0386715533457   0.0388718132756   0.35
250   0.0386638803918   0.0388642693767   0.35
260   0.0386631437165   0.0388634568815   0.35
270   0.0386608983622   0.038861176601   0.35
280   0.0386160283445   0.0388199942323   0.35
290   0.0382095979931   0.038412881935   0.35
300   0.0381934166793   0.0383936766554   0.35
310   0.0381827927643   0.0383826967852   0.35
320   0.0381827776359   0.0383826833797   0.35
330   0.0351444806792   0.0353748343176   0.35
340   0.018878712535   0.019042279105   0.35
350   0.0135349292874   0.0136673401815   0.35
360   0.0135310706046   0.0136627913014   0.35
370   0.0135397158753   0.0136740848322   0.35
380   0.0135301305239   0.0136618380165   0.35
390   0.0135296408867   0.0136608151115   0.35
400   0.0135294965657   0.0136606661879   0.35
410   0.0135293872039   0.0136605800906   0.35
420   0.0135282863196   0.0136602183802   0.35
430   0.0135275649247   0.0136595507892   0.35
440   0.0135260158979   0.0136594761829   0.35
450   0.0135219172668   0.0136574552444   0.35
460   0.0135186583957   0.0136542771276   0.35
470   0.0135186497403   0.0136542750591   0.35
480   0.0135183932139   0.0136539905362   0.35
490   0.0135162620705   0.0136515265408   0.35
500   0.013391892541   0.0135334367323   0.35
510   0.0133904563155   0.0135329250872   0.35
520   0.0133895767499   0.0135327265307   0.35
530   0.0133895764183   0.0135327262831   0.35
540   0.0133851662512   0.0135291575464   0.35
550   0.013383252387   0.0135283688687   0.35
560   0.0133781571   0.0135213435187   0.35
570   0.0133768967833   0.013519965692   0.35
580   0.0133664374198   0.0135052233675   0.35
590   0.0133388101202   0.013482488459   0.35
600   0.0133365165177   0.0134805319882   0.35
610   0.0132652448931   0.0134087339685   0.35
620   0.0132652442249   0.013408733513   0.35
630   0.0132607379308   0.0134067846704   0.35
640   0.0132595852579   0.0134041688032   0.35
650   0.0132476441797   0.0133926573598   0.35
660   0.013243171233   0.0133881279459   0.35
670   0.0132431638955   0.0133881237229   0.35
680   0.0132413412439   0.0133865848057   0.35
690   0.0132403019177   0.0133855705412   0.35
700   0.0132397639264   0.0133848826132   0.35
710   0.0132277779356   0.0133733546072   0.35
720   0.013188775212   0.0133326743928   0.35
730   0.0131740644944   0.0133185182484   0.35
740   0.0131730128265   0.0133176173305   0.35
750   0.0131625580247   0.0133085295715   0.35
760   0.0131613566989   0.0133066762208   0.35
770   0.0130654139702   0.0132157211508   0.35
780   0.0130623244672   0.0132090888741   0.35
790   0.0130623242031   0.013209088498   0.35
800   0.013058156303   0.0132061928771   0.35
810   0.0129812694015   0.0131394385705   0.35
820   0.0129812597159   0.0131394356549   0.35
830   0.0129750813961   0.0131338889476   0.35
840   0.0129745259923   0.0131334295715   0.35
850   0.0129745259895   0.0131334295677   0.35
860   0.0129596128903   0.0131192575367   0.35
870   0.0129558005501   0.0131155292102   0.35
880   0.0129359013345   0.0130969392103   0.35
890   0.0129312676672   0.0130914177343   0.35
900   0.0129312450254   0.0130929779829   0.35
910   0.0129334135558   0.0130971741802   0.35
920   0.0129219550366   0.0130830227799   0.35
930   0.0128951791667   0.0130609304025   0.35
940   0.0127755377377   0.0129410127549   0.35
950   0.0127745902426   0.0129398051095   0.35
960   0.0127737215239   0.0129389781639   0.35
970   0.012760630689   0.0129281731782   0.35
980   0.0127602770663   0.0129278837349   0.35
990   0.0127304521521   0.0129012420729   0.35
0   0.202769255567   0.202234746553   0.55
10   0.203404297136   0.202861805937   0.55
20   0.203728777329   0.203179357892   0.55
30   0.203243579089   0.202703493134   0.55
40   0.20455219433   0.204001477709   0.55
50   0.204742874149   0.204202660142   0.55
60   0.206278068577   0.205733938676   0.55
70   0.237598297594   0.237200567822   0.55
80   0.206243179659   0.205698533057   0.55
90   0.205868635352   0.205333454225   0.55
100   0.205868023009   0.205332773388   0.55
110   0.223986404644   0.224067478127   0.55
120   0.205833520498   0.205299330245   0.55
130   0.205599548603   0.205068741407   0.55
140   0.204030423788   0.203493329139   0.55
150   0.203156636463   0.202622249294   0.55
160   0.195699959835   0.195173524705   0.55
170   0.19569555097   0.195168206173   0.55
180   0.195678957058   0.195153955123   0.55
190   0.195643587407   0.195115396832   0.55
200   0.195596693973   0.19506035656   0.55
210   0.185740458661   0.185230929293   0.55
220   0.185574784117   0.185064435943   0.55
230   0.185558780836   0.185049885829   0.55
240   0.185427875538   0.184927476152   0.55
250   0.185390201965   0.184889386327   0.55
260   0.184392230191   0.183879402077   0.55
270   0.184146104078   0.183653730794   0.55
280   0.184140652085   0.183644055746   0.55
290   0.184125130068   0.183627382645   0.55
300   0.183951238667   0.183452346124   0.55
310   0.18347742883   0.182981790119   0.55
320   0.182916203525   0.182435322122   0.55
330   0.191730763819   0.191028396555   0.55
340   0.182692187415   0.182215313544   0.55
350   0.182619634324   0.18214657979   0.55
360   0.180571276059   0.180115411929   0.55
370   0.180345889074   0.179894682375   0.55
380   0.180268498097   0.179813592314   0.55
390   0.180303996758   0.179855967276   0.55
400   0.180225278022   0.179775261227   0.55
410   0.179321311365   0.178909517661   0.55
420   0.1793333925   0.178914242761   0.55
430   0.124030803256   0.123515176643   0.55
440   0.12400888689   0.12348881341   0.55
450   0.123975370371   0.123458443793   0.55
460   0.123934510743   0.123413814518   0.55
470   0.122758338991   0.122241639144   0.55
480   0.12253197308   0.122025943296   0.55
490   0.122402179393   0.12190235696   0.55
500   0.122382907409   0.12188008992   0.55
510   0.122344949318   0.121837556104   0.55
520   0.122337180861   0.121826455215   0.55
530   0.122605481289   0.122109992585   0.55
540   0.122173783942   0.121664348379   0.55
550   0.125668020815   0.125105931419   0.55
560   0.0661537264761   0.0658308162789   0.55
570   0.0660408089794   0.0657069135917   0.55
580   0.0435318994838   0.0433130107509   0.55
590   0.0435312790704   0.0433122226695   0.55
600   0.0416538945782   0.0414574025333   0.55
610   0.0416539314288   0.0414574826058   0.55
620   0.0431002291962   0.0428798461593   0.55
630   0.040881049959   0.0406869678645   0.55
640   0.0372626492598   0.037087329044   0.55
650   0.0372607470993   0.0370854938694   0.55
660   0.0371811847634   0.0370063593544   0.55
670   0.0368391841302   0.0366362176791   0.55
680   0.0368145225905   0.0366136524104   0.55
690   0.0368101012341   0.036608949675   0.55
700   0.0368095401343   0.036608550086   0.55
710   0.0366929671183   0.0364989105056   0.55
720   0.0366701930454   0.0364764083413   0.55
730   0.0365119013154   0.0363181189131   0.55
740   0.0365091121997   0.0363150671688   0.55
750   0.0364833989557   0.0362907570893   0.55
760   0.0364831257725   0.03629075596   0.55
770   0.0364767817183   0.0362843459652   0.55
780   0.0364764311597   0.0362845191965   0.55
790   0.036475400399   0.0362830625424   0.55
800   0.0364567770305   0.0362628433836   0.55
810   0.0364555186288   0.0362612012067   0.55
820   0.0135291278526   0.0135072833745   0.55
830   0.0135263658769   0.0135047114664   0.55
840   0.0135263635521   0.0135047049102   0.55
850   0.0135265567359   0.0135048155686   0.55
860   0.00817717511589   0.00816213231774   0.55
870   0.0081669893774   0.00815156331326   0.55
880   0.00816212531884   0.00814831264639   0.55
890   0.00814369156282   0.00813066129851   0.55
900   0.00809033423058   0.00807971851947   0.55
910   0.00809033289885   0.0080797174282   0.55
920   0.00809033243261   0.00807971689564   0.55
930   0.00735139688224   0.00734568945766   0.55
940   0.00735157652763   0.00734585409025   0.55
950   0.00735066669111   0.00734502872502   0.55
960   0.00734779102099   0.00734237253318   0.55
970   0.00735321970732   0.00734839339586   0.55
980   0.00734633617762   0.00734063297675   0.55
990   0.00464079525075   0.00462966023543   0.55
0   0.174430373472   0.17477226503   0.7
10   0.174497854529   0.174841447916   0.7
20   0.17452756651   0.17486636207   0.7
30   0.174524032575   0.174861486992   0.7
40   0.174524032597   0.174861487   0.7
50   0.196554291655   0.196897979403   0.7
60   0.19655539591   0.196900445618   0.7
70   0.196517352556   0.196859214689   0.7
80   0.188615854464   0.188615853684   0.7
90   0.188615854382   0.18861585378   0.7
100   0.188615854393   0.188615853843   0.7
110   0.188615854391   0.188615853835   0.7
120   0.139593922411   0.139593921977   0.7
130   0.13959392241   0.139593921984   0.7
140   0.139593922563   0.139593922036   0.7
150   0.139593922072   0.139593921874   0.7
160   0.139593922073   0.139593921874   0.7
170   0.139593922191   0.139593922013   0.7
180   0.139593921823   0.139593921757   0.7
190   0.139593921654   0.139593921588   0.7
200   0.139593920766   0.139593920783   0.7
210   0.139593920717   0.139593920754   0.7
220   0.139593920466   0.139593920716   0.7
230   0.139593920167   0.13959392058   0.7
240   0.139593920164   0.139593920577   0.7
250   0.139593920166   0.139593920578   0.7
260   0.139593920171   0.139593920579   0.7
270   0.139593920159   0.139593920575   0.7
280   0.139593920158   0.139593920574   0.7
290   0.0822089198009   0.0822089197127   0.7
300   0.0822089197959   0.0822089197073   0.7
310   0.0822089197934   0.0822089197065   0.7
320   0.0822089197819   0.0822089197029   0.7
330   0.0822089193794   0.0822089193368   0.7
340   0.0822089193789   0.0822089193368   0.7
350   0.0822089193786   0.0822089193364   0.7
360   0.0822089194346   0.0822089193533   0.7
370   0.0546403375626   0.0546403375331   0.7
380   0.0546403376044   0.0546403375481   0.7
390   0.0546403375457   0.0546403375282   0.7
400   0.0546403375411   0.0546403375209   0.7
410   0.0546403375405   0.0546403375208   0.7
420   0.0546403375405   0.0546403375208   0.7
430   0.0546403375151   0.054640337507   0.7
440   0.0546403374903   0.0546403374758   0.7
450   0.0546403374876   0.0546403374735   0.7
460   0.0546403374876   0.0546403374735   0.7
470   0.0546403374875   0.0546403374735   0.7
480   0.0546403374863   0.0546403374725   0.7
490   0.0546403374752   0.0546403374684   0.7
500   0.0546403374746   0.054640337468   0.7
510   0.0546403374743   0.0546403374678   0.7
520   0.0395190985069   0.0395190984995   0.7
530   0.0395190985047   0.0395190984995   0.7
540   0.0395190985038   0.0395190984992   0.7
550   0.0395190985038   0.0395190984991   0.7
560   0.0395190985038   0.0395190984991   0.7
570   0.0395191067286   0.0395191086233   0.7
580   0.0395190985037   0.039519098497   0.7
590   0.0395190985033   0.0395190984964   0.7
600   0.039519098744   0.0395190987151   0.7
610   0.0395190985019   0.0395190984928   0.7
620   0.0395190985008   0.039519098492   0.7
630   0.0395190985008   0.039519098492   0.7
640   0.0395190984767   0.0395190984753   0.7
650   0.0395190984767   0.0395190984753   0.7
660   0.0395190984764   0.0395190984753   0.7
670   0.0395190984762   0.0395190984746   0.7
680   0.0395190984762   0.0395190984746   0.7
690   0.0395190984735   0.0395190984733   0.7
700   0.0395190984735   0.0395190984733   0.7
710   0.0395190984735   0.0395190984733   0.7
720   0.0395190984735   0.0395190984733   0.7
730   0.0395190984735   0.0395190984733   0.7
740   0.0395190984735   0.0395190984733   0.7
750   0.0267993588225   0.0267993588218   0.7
760   0.0267993588218   0.0267993588214   0.7
770   0.0267993588219   0.0267993588217   0.7
780   0.0306112361105   0.03061123611   0.7
790   0.0267993588218   0.0267993588213   0.7
800   0.0267993588242   0.026799358823   0.7
810   0.0267993588218   0.0267993588213   0.7
820   0.0267993588218   0.0267993588213   0.7
830   0.0267993588218   0.0267993588213   0.7
840   0.0267993588218   0.0267993588213   0.7
850   0.0267993588214   0.026799358821   0.7
860   0.0267993588214   0.026799358821   0.7
870   0.0267993588214   0.026799358821   0.7
880   0.0267993588205   0.0267993588203   0.7
890   0.0267993588205   0.0267993588203   0.7
900   0.0267993588205   0.0267993588203   0.7
910   0.0267993588205   0.0267993588203   0.7
920   0.0267993588205   0.0267993588203   0.7
930   0.0267993588205   0.0267993588203   0.7
940   0.0267993588201   0.02679935882   0.7
950   0.0133486010625   0.0133486010625   0.7
960   0.0133486010625   0.0133486010625   0.7
970   0.00662931067419   0.00662931067413   0.7
980   0.00662931067419   0.00662931067413   0.7
990   0.00662931067419   0.00662931067413   0.7
0   0.0605770934692   0.0603992093476   0.95
10   0.0605184828495   0.0603418168145   0.95
20   0.0589718469855   0.0588372517821   0.95
30   0.0589975102487   0.0588623046138   0.95
40   0.0590654835868   0.0589302770583   0.95
50   0.0576783859562   0.0576045022826   0.95
60   0.0530412084502   0.0529600180407   0.95
70   0.0534661418481   0.0533690893284   0.95
80   0.0534656888927   0.053368524327   0.95
90   0.0534604136809   0.0533630785305   0.95
100   0.0534495490687   0.0533459990166   0.95
110   0.0335549554112   0.0334294110843   0.95
120   0.0335907612484   0.0334645268843   0.95
130   0.0336255490656   0.0334994405369   0.95
140   0.0335795256174   0.0334562924677   0.95
150   0.0335714371937   0.0334480707006   0.95
160   0.0335983844653   0.0334722281405   0.95
170   0.0350563188113   0.0348482618553   0.95
180   0.0289668251642   0.0287430180517   0.95
190   0.0289612053863   0.0287382717892   0.95
200   0.0455332291508   0.0452299584849   0.95
210   0.0345735607628   0.0340704678729   0.95
220   0.0309822590613   0.0303650569318   0.95
230   0.040547789538   0.0394565176703   0.95
240   0.262609506596   0.261215854198   0.95
250   0.300917976687   0.29955076647   0.95
260   0.327564669652   0.326933948932   0.95
270   0.325939182181   0.325228943983   0.95
280   0.320959940214   0.32024885481   0.95
290   0.306416668833   0.306177582799   0.95
300   0.306738383743   0.306496962491   0.95
310   0.288804474896   0.288553674656   0.95
320   0.285637275104   0.285465032701   0.95
330   0.285637276655   0.285465034292   0.95
340   0.285637276432   0.285465034019   0.95
350   0.285645333269   0.285473721877   0.95
360   0.285645333309   0.285473722057   0.95
370   0.067253401688   0.0662699421231   0.95
380   0.0672884570104   0.0662966114426   0.95
390   0.0347715551563   0.0347715472698   0.95
400   0.0347715598829   0.0347715525012   0.95
410   0.0439249218865   0.0433311695314   0.95
420   0.0434892341965   0.0429188997155   0.95
430   0.0439377270902   0.0433356683006   0.95
440   0.0438638348434   0.0432677337665   0.95
450   0.0436700893847   0.0430719479909   0.95
460   0.0436937714713   0.043095233936   0.95
470   0.0436970751138   0.0430992855571   0.95
480   0.044330867341   0.0437719699046   0.95
490   0.0443308679164   0.0437719704438   0.95
500   0.0310313238656   0.0306687233199   0.95
510   0.0309481616724   0.0305886738471   0.95
520   0.0309421637352   0.0305832484168   0.95
530   0.0312111847301   0.0308462531739   0.95
540   0.0302841338985   0.0299465137832   0.95
550   0.032375616877   0.0320452543027   0.95
560   0.0256942351241   0.0253859047702   0.95
570   0.026714075408   0.0263737001308   0.95
580   0.026617491658   0.0262953403446   0.95
590   0.0266309400095   0.0263092599187   0.95
600   0.0271904244824   0.0268968894292   0.95
610   0.0275340019991   0.0272251575157   0.95
620   0.0276871703002   0.0273777994892   0.95
630   0.0277576898132   0.0274390903197   0.95
640   0.0278571610321   0.0275361913198   0.95
650   0.0193538518178   0.0190394955002   0.95
660   0.0193578735218   0.0190432121685   0.95
670   0.0193040620762   0.0189896107533   0.95
680   0.019331705008   0.0190151845699   0.95
690   0.019332390993   0.0190162545724   0.95
700   0.0176472936815   0.0174141655857   0.95
710   0.0176184914028   0.0173755249109   0.95
720   0.0176184914025   0.0173755249109   0.95
730   0.0175931957302   0.0173529737828   0.95
740   0.0173746188738   0.0171609112053   0.95
750   0.017374848558   0.0171611024423   0.95
760   0.017299331583   0.0170887543211   0.95
770   0.0172979301934   0.0170873369859   0.95
780   0.0172979302071   0.0170873369898   0.95
790   0.0172970843249   0.0170861866472   0.95
800   0.0172982059136   0.0170871111306   0.95
810   0.0172462417352   0.0170226373028   0.95
820   0.0166132682668   0.0163830258842   0.95
830   0.0166061855977   0.0163771511088   0.95
840   0.0166121142008   0.0163833822666   0.95
850   0.0152367835261   0.0150255168942   0.95
860   0.0151915596602   0.0149780410735   0.95
870   0.015107213332   0.0149026322916   0.95
880   0.0151072134352   0.0149026323664   0.95
890   0.015105773744   0.0149011915356   0.95
900   0.015090838867   0.0148826680862   0.95
910   0.0150893828734   0.0148808577287   0.95
920   0.00923861071395   0.0089367585355   0.95
930   0.0086080236252   0.00829237465549   0.95
940   0.0086080236249   0.00829237465365   0.95
950   0.0086080236249   0.00829237465365   0.95
960   0.0086079521678   0.00829227057571   0.95
970   0.00855038758563   0.00822429316734   0.95
980   0.0085503866965   0.00822429161844   0.95
990   0.00854677765253   0.00822207419167   0.95
