
Error results for 
GA_tuning: 50 , 20, 20

---------------------------
0 0.0685415884802 0.0690087639627 0.876102380479 0.872310756972 0.899406218
10 0.00590796809352 0.00591468124513 1.0 1.0 10.066994651
20 0.0011198667503 0.00114364728302 1.0 1.0 19.915875568
30 0.00110532590445 0.00113031879521 1.0 1.0 29.815405575
40 0.00116720313108 0.00119807627872 1.0 1.0 40.128527734
50 0.0005100162176 0.000527423458825 1.0 1.0 50.366248257
60 0.000470314408228 0.000485001973842 1.0 1.0 59.860848336
70 0.000501081782038 0.000503581631923 1.0 1.0 69.332479099
80 0.000191447738137 0.000193897354046 1.0 1.0 78.776032179
90 0.000156711846759 0.000158715332785 1.0 1.0 88.506731503
100 0.000120846853258 0.000126241513541 1.0 1.0 98.094957206
110 4.80682052933e-05 5.04115806826e-05 1.0 1.0 107.654479673
120 3.52251956308e-05 3.30322339284e-05 1.0 1.0 117.092433588
130 1.6727828869e-05 1.44904370897e-05 1.0 1.0 127.013270439
140 4.56066181806e-06 4.60087114744e-06 1.0 1.0 136.926229084
150 4.64345182804e-06 4.69489771199e-06 1.0 1.0 146.778345815
160 4.5750379351e-06 4.61732036101e-06 1.0 1.0 157.000968072
170 4.6527865642e-06 4.68246116813e-06 1.0 1.0 166.707061812
180 1.84942776435e-06 1.86799675817e-06 1.0 1.0 176.484066329
190 1.17377155137e-06 1.18892283421e-06 1.0 1.0 186.199302565
200 4.42216292886e-07 4.92142901609e-07 1.0 1.0 195.721061188
210 3.68914355147e-07 4.31952640217e-07 1.0 1.0 205.495466825
220 6.32183701377e-07 6.80730178697e-07 1.0 1.0 215.168572619
230 7.73963277389e-08 7.739632823e-08 1.0 1.0 225.264267298
240 2.26895831614e-07 2.43328629543e-07 1.0 1.0 235.328912023
250 1.68744242359e-08 1.68744243705e-08 1.0 1.0 244.991341159
260 1.68744242179e-08 1.68744243527e-08 1.0 1.0 254.678044304
270 1.68744242678e-08 1.68744244128e-08 1.0 1.0 264.332835462
280 1.11098038335e-08 1.11098038157e-08 1.0 1.0 274.179893571
290 4.67266388892e-09 4.67266385852e-09 1.0 1.0 283.993420977
300 1.94119737832e-09 1.94119740179e-09 1.0 1.0 293.776232485
310 7.47106539625e-10 7.47106562307e-10 1.0 1.0 303.276549079
320 7.47106430313e-10 7.47106421503e-10 1.0 1.0 313.162994154
330 7.47106551766e-10 7.47106565841e-10 1.0 1.0 323.057956957
340 4.21046898009e-10 4.21046901556e-10 1.0 1.0 332.846173998
350 7.62914599031e-11 7.62914620056e-11 1.0 1.0 342.926562197
360 5.25182613108e-11 5.25182625634e-11 1.0 1.0 352.526286321
370 5.25182721489e-11 5.25182755908e-11 1.0 1.0 362.295797746
380 3.52938812859e-11 3.52938801537e-11 1.0 1.0 372.00901674
390 3.45075653568e-12 3.45075662636e-12 1.0 1.0 382.22265232
400 1.76077707812e-12 1.76077712434e-12 1.0 1.0 391.900702396
410 1.76077707896e-12 1.76077712514e-12 1.0 1.0 401.571462241
420 1.76077699738e-12 1.76077703853e-12 1.0 1.0 411.495215551
430 1.11411491263e-12 1.11411495743e-12 1.0 1.0 420.951310985
440 6.8302291746e-13 6.83022944299e-13 1.0 1.0 430.291827387
450 1.34660674648e-13 1.34660679953e-13 1.0 1.0 439.695217187
460 1.34660674477e-13 1.34660679824e-13 1.0 1.0 449.330576365
470 1.34660690621e-13 1.34660695789e-13 1.0 1.0 458.826675045
480 1.34660670232e-13 1.34660675179e-13 1.0 1.0 468.620941384
490 6.07604990235e-14 6.07605028969e-14 1.0 1.0 478.243917564

Error results for 
GA_tuning: 50 , 20, 10

---------------------------
0 0.0206169120771 0.0206015048632 1.0 1.0 0.727629859
10 0.00494627709065 0.00488766158109 1.0 1.0 8.899598825
20 0.00480886099655 0.00481035155753 1.0 1.0 16.828684744
30 0.00425594833719 0.00420027487119 1.0 1.0 24.883513115
40 0.00410081882212 0.00404882465899 1.0 1.0 33.373692065
50 0.00423142535947 0.00417748820745 1.0 1.0 41.722194442
60 0.00415655189077 0.00410267432108 1.0 1.0 50.021487529
70 0.00416093370911 0.00410827744424 1.0 1.0 58.009426774
80 0.00411857106059 0.00406703755856 1.0 1.0 65.981773232
90 0.00216800292729 0.0021371675002 1.0 1.0 74.406233535
100 0.0019170221242 0.00188332356594 1.0 1.0 82.39613257
110 0.00223028174609 0.00219656876247 1.0 1.0 90.476651713
120 0.00224273541474 0.00221157969237 1.0 1.0 98.556486698
130 0.000974390486499 0.000967076512385 1.0 1.0 106.682411226
140 0.00101851772056 0.000999410139161 1.0 1.0 114.824568481
150 0.000974391279907 0.000967077612172 1.0 1.0 122.777091772
160 0.000975054066181 0.000967560099943 1.0 1.0 130.890799751
170 0.000506928403769 0.000503241028261 1.0 1.0 139.037750523
180 0.000533608537132 0.000529355123976 1.0 1.0 147.316796469
190 0.000247913556872 0.000242571225098 1.0 1.0 155.49648167
200 0.000238684559015 0.000233600559373 1.0 1.0 163.735533711
210 0.000250908273771 0.000245395386314 1.0 1.0 171.75836762
220 9.6205583874e-05 9.40732185851e-05 1.0 1.0 179.973597272
230 8.01392792186e-05 7.84329773781e-05 1.0 1.0 188.052623324
240 9.55110133735e-05 9.32865377128e-05 1.0 1.0 196.439935746
250 3.78932501104e-05 3.75829216351e-05 1.0 1.0 204.713099915
260 3.61371375291e-05 3.58887985523e-05 1.0 1.0 212.701570517
270 3.60772023677e-05 3.58465199148e-05 1.0 1.0 220.623407816
280 3.6137145548e-05 3.58888076525e-05 1.0 1.0 228.673227604
290 3.67253888303e-05 3.64639286943e-05 1.0 1.0 236.853401023
300 2.17927256327e-05 2.16488586567e-05 1.0 1.0 245.113899821
310 2.1792728233e-05 2.16488617123e-05 1.0 1.0 253.224113841
320 1.77724118029e-05 1.75512967372e-05 1.0 1.0 261.715252765
330 1.00939230635e-05 9.97169918525e-06 1.0 1.0 269.951845985
340 5.59154674899e-06 5.51776531136e-06 1.0 1.0 278.176578976
350 5.69206027414e-06 5.62362830613e-06 1.0 1.0 286.201097227
360 5.42780062399e-06 5.35991304058e-06 1.0 1.0 294.442833435
370 3.8325492925e-06 3.77886995736e-06 1.0 1.0 302.722041995
380 3.63097023411e-06 3.58547206802e-06 1.0 1.0 310.901101895
390 3.68798776522e-06 3.64225650382e-06 1.0 1.0 319.022643682
400 3.6990787802e-06 3.65589103833e-06 1.0 1.0 327.169038656
410 1.41455224553e-06 1.39760420902e-06 1.0 1.0 335.02723759
420 1.0135470513e-06 1.01343730427e-06 1.0 1.0 343.212088726
430 1.01355327016e-06 1.01344654142e-06 1.0 1.0 351.636643573
440 1.01438161927e-06 1.01423500533e-06 1.0 1.0 359.930800321
450 4.28964623389e-07 4.28917659167e-07 1.0 1.0 368.130484326
460 2.18571067135e-07 2.18548970093e-07 1.0 1.0 376.407185889
470 8.43639554977e-08 8.43570138046e-08 1.0 1.0 384.39502564
480 8.43669698307e-08 8.43581251852e-08 1.0 1.0 392.553843255
490 7.1215792936e-08 7.12086437908e-08 1.0 1.0 400.951129032

Error results for 
GA_tuning: 50 , 10, 20

---------------------------
0 0.144190862704 0.144188405411 0.0 0.0 0.598608119
10 0.0240674652028 0.0246162040183 0.972050925005 0.9703187251 8.031368998
20 0.0146320213285 0.0150919933087 0.978748093628 0.977888446215 14.907461072
30 0.0158205258047 0.016213028667 0.97947748823 0.978220451527 22.599396176
40 0.0124256445877 0.012661978651 1.0 1.0 30.220939576
50 0.00971239342659 0.0097510965539 1.0 1.0 37.50368032
60 0.00845664129343 0.0087348800273 1.0 1.0 44.610979802
70 0.00315679858252 0.00317676860831 1.0 1.0 52.351080416
80 0.00140069863462 0.00140810269437 1.0 1.0 59.871717573
90 0.0021164516117 0.0021252127539 1.0 1.0 67.073705424
100 0.000272042965397 0.000273619440677 1.0 1.0 74.558993094
110 0.000108815202378 0.000109468302355 1.0 1.0 82.314135129
120 0.000144798286146 0.000145631136042 1.0 1.0 89.612042522
130 6.86616014618e-05 6.90983642939e-05 1.0 1.0 96.603603878
140 6.84024680124e-05 6.88253267816e-05 1.0 1.0 103.939645727
150 6.86759644209e-05 6.9111314394e-05 1.0 1.0 111.371336014
160 2.43643545943e-05 2.43773025791e-05 1.0 1.0 119.107605983
170 1.17927673153e-05 1.17994607765e-05 1.0 1.0 126.348197395
180 1.02411787689e-05 1.02487003351e-05 1.0 1.0 133.558793088
190 9.48202779297e-06 9.31011747625e-06 1.0 1.0 140.865614859
200 4.96719488881e-06 4.87694623644e-06 1.0 1.0 148.271657577
210 2.13590525583e-06 2.12448782889e-06 1.0 1.0 155.850599807
220 6.38097701276e-07 6.51274582784e-07 1.0 1.0 163.453059554
230 2.47479710614e-07 2.52446852251e-07 1.0 1.0 170.915222929
240 2.45904638328e-07 2.50933910108e-07 1.0 1.0 178.381052998
250 2.4606088639e-07 2.51447010044e-07 1.0 1.0 185.589233774
260 8.10552375989e-08 8.9053793755e-08 1.0 1.0 192.780528446
270 8.09518171054e-08 8.89181980147e-08 1.0 1.0 200.267649099
280 2.43488803593e-08 2.67159487718e-08 1.0 1.0 207.890623604
290 1.76297222827e-08 1.93896368938e-08 1.0 1.0 215.17608387
300 1.87558168795e-08 2.01631082039e-08 1.0 1.0 222.760122174
310 2.03578765031e-09 2.19934493998e-09 1.0 1.0 229.948633777
320 2.0077418052e-09 2.15864578096e-09 1.0 1.0 237.484110279
330 2.14463861562e-09 2.31591005581e-09 1.0 1.0 244.8861269
340 1.51587615067e-09 1.644125347e-09 1.0 1.0 252.395088455
350 6.89018413241e-10 7.44375272844e-10 1.0 1.0 259.766643056
360 1.21795821112e-10 1.31492738814e-10 1.0 1.0 266.934061217
370 8.11805076401e-11 8.19236495288e-11 1.0 1.0 274.197524345
380 3.48695671032e-11 3.35576928639e-11 1.0 1.0 281.348204813
390 1.28103017943e-11 1.27407483906e-11 1.0 1.0 288.836356694
400 6.99338308891e-12 6.89819107052e-12 1.0 1.0 296.555334682
410 7.29357047115e-12 7.20584047899e-12 1.0 1.0 303.819737514
420 6.95829003709e-12 6.89360358327e-12 1.0 1.0 311.327430585
430 2.19332613055e-12 2.37652345274e-12 1.0 1.0 318.752100371
440 1.62180390963e-12 1.76686637884e-12 1.0 1.0 326.162884374
450 1.6284610898e-12 1.77318626064e-12 1.0 1.0 333.758220992
460 1.11629369255e-12 1.25732931051e-12 1.0 1.0 341.042206045
470 9.35998348989e-13 1.16517705766e-12 1.0 1.0 348.153339121
480 8.19624936614e-13 1.02424080398e-12 1.0 1.0 355.482108674
490 9.29677297743e-13 1.1678611887e-12 1.0 1.0 362.58747851

Error results for 
GA_tuning: 50 , 10, 10

---------------------------
0 0.121465574471 0.121787413307 0.441648431802 0.435922974768 0.470168707
10 0.00382383507824 0.00385161974881 1.0 1.0 5.89063795
20 0.0038187478469 0.00384705403641 1.0 1.0 11.322287491
30 0.00381873403122 0.00384704914996 1.0 1.0 16.619335223
40 0.00379576526806 0.00382442681224 1.0 1.0 21.818081249
50 0.00239518916065 0.00241400797343 1.0 1.0 27.255877289
60 0.00239533418339 0.0024141653666 1.0 1.0 32.523291591
70 0.00136816012775 0.00138048103514 1.0 1.0 37.95356743
80 0.00141511976425 0.00142665308828 1.0 1.0 43.219908988
90 0.000609557278515 0.000614146321233 1.0 1.0 48.448890607
100 0.000371157567661 0.000373995333547 1.0 1.0 53.779784223
110 0.000371120073518 0.00037398488907 1.0 1.0 59.279841457
120 0.000370625034364 0.000373583973748 1.0 1.0 64.650958513
130 0.000371483943919 0.000374341263896 1.0 1.0 70.257157167
140 0.000175402126339 0.000176772191493 1.0 1.0 75.514757471
150 0.000118508604263 0.000118297029072 1.0 1.0 81.083539316
160 0.000107355332008 0.00010821947265 1.0 1.0 86.621691898
170 5.52249500032e-05 5.51244567197e-05 1.0 1.0 91.807302277
180 5.52240317626e-05 5.51240040355e-05 1.0 1.0 97.12289667
190 5.53523360686e-05 5.52287938914e-05 1.0 1.0 102.657967994
200 2.15029695776e-05 2.14616093559e-05 1.0 1.0 107.947248177
210 2.17213917676e-05 2.16422850756e-05 1.0 1.0 113.53255176
220 2.14907220159e-05 2.14533139303e-05 1.0 1.0 118.866929088
230 2.14986385962e-05 2.14629697164e-05 1.0 1.0 124.418889969
240 1.08114313823e-05 1.07913837551e-05 1.0 1.0 130.005620077
250 1.13155009485e-05 1.129456216e-05 1.0 1.0 135.314537975
260 1.13150575338e-05 1.12933607714e-05 1.0 1.0 140.685124873
270 1.08125720882e-05 1.07919369874e-05 1.0 1.0 145.938199058
280 7.21274062328e-06 7.19895744939e-06 1.0 1.0 151.182651881
290 1.13168704832e-05 1.12952176818e-05 1.0 1.0 156.547101367
300 3.84627915895e-06 3.84051696038e-06 1.0 1.0 161.896786263
310 1.96870183086e-06 1.95646160206e-06 1.0 1.0 167.39270123
320 1.06154912149e-06 1.05688380254e-06 1.0 1.0 172.972041565
330 1.0632625943e-06 1.05691563049e-06 1.0 1.0 178.325728328
340 1.05808048782e-06 1.05322668974e-06 1.0 1.0 183.459829712
350 1.05447928697e-06 1.04938912522e-06 1.0 1.0 188.804957905
360 2.28837048481e-07 2.27841106255e-07 1.0 1.0 194.384244223
370 5.83366693496e-08 5.81761962639e-08 1.0 1.0 199.687008322
380 1.10051762071e-07 1.09697152633e-07 1.0 1.0 205.170099269
390 5.00923139734e-08 4.99228500442e-08 1.0 1.0 210.568344087
400 5.00932006316e-08 4.99280221346e-08 1.0 1.0 215.921151874
410 4.74500491887e-07 4.74848109672e-07 1.0 1.0 221.374467899
420 2.63994631391e-08 2.63252646193e-08 1.0 1.0 226.698788356
430 1.5387655776e-08 1.54684548928e-08 1.0 1.0 232.358660479
440 1.54559513394e-08 1.54066718642e-08 1.0 1.0 237.956385209
450 1.53646353595e-08 1.5381605704e-08 1.0 1.0 243.465025322
460 1.53436215485e-08 1.5353256637e-08 1.0 1.0 248.811968
470 1.54019492362e-08 1.54746346321e-08 1.0 1.0 254.358361656
480 1.53459014849e-08 1.53583565137e-08 1.0 1.0 260.013330125
490 8.40787068225e-09 8.44883745125e-09 1.0 1.0 265.302991535
