
Error results for 
SA_cooling: 0.15

---------------------------
0 0.148910268184 0.149527175136 0.150421059611 0.147875166003 0.03581111
10 0.14824701918 0.148882397206 0.150818911213 0.148273572377 0.34258733
20 0.0607106764094 0.0611083225107 0.96764140309 0.965869853918 0.653827393
30 0.0608125320177 0.0611989889171 0.967343014389 0.965073041169 0.960520016
40 0.0596293458249 0.0600007143232 0.971885153504 0.970252324037 1.262935124
50 0.0596232208206 0.0599949189277 0.971885153504 0.970252324037 1.564881412
60 0.0596207772292 0.0599921473958 0.971885153504 0.970252324037 1.878028417
70 0.0595798913927 0.0599473718698 0.972017770705 0.970517928287 2.189363994
80 0.0595794396361 0.0599469555964 0.972017770705 0.970517928287 2.503824419
90 0.0595775055034 0.0599415099445 0.972017770705 0.970517928287 2.819342809
100 0.0595759074645 0.0599395868704 0.972017770705 0.970517928287 3.13136814
110 0.0595759096162 0.0599395883051 0.972017770705 0.970517928287 3.44424816
120 0.0590361530805 0.0593919932949 0.974239108812 0.972974767596 3.756561272
130 0.0547473091742 0.055123657618 0.975731052317 0.974103585657 4.070524186
140 0.0552472471954 0.0556274771714 0.974205954512 0.972509960159 4.431692013
150 0.0382257940569 0.0386657975944 0.97632782972 0.975033200531 4.745132566
160 0.0384758871315 0.0389252509168 0.975929978118 0.974767596282 5.060970159
170 0.0379686109765 0.0384010858266 0.977123532922 0.97609561753 5.382777933
180 0.0222643275404 0.0226130980183 0.983522312844 0.98213811421 5.694082685
190 0.0102562017161 0.0104410814885 0.998209667794 0.997410358566 6.007745982
200 0.0102562017161 0.0104410814885 0.998209667794 0.997410358566 6.325750086
210 0.0102549482316 0.0104397689799 0.998209667794 0.997410358566 6.641945467
220 0.0101776736865 0.0103460070653 0.998872753796 0.99807436919 6.961992644
230 0.0101779185859 0.0103463293927 0.998872753796 0.99807436919 7.276523731
240 0.0101770252599 0.010345452746 0.998872753796 0.99807436919 7.592895314
250 0.0101471161111 0.0103121399217 0.998905908096 0.998140770252 7.913530422
260 0.0098447061882 0.0100100753216 0.998939062396 0.998207171315 8.230780637
270 0.00554022093688 0.00566002106219 0.999370068298 0.999003984064 8.544210183
280 0.00553852343463 0.00565871404429 0.999370068298 0.999003984064 8.853871065
290 0.00551369724415 0.005632713631 0.999370068298 0.999003984064 9.165953366
300 0.00546336317948 0.0055807527241 0.999469531198 0.999070385126 9.477466849
310 0.00403882598404 0.00413609754996 0.999668456999 0.999468791501 9.790642001
320 0.00401154928328 0.00410850298804 0.999668456999 0.999468791501 10.104384854
330 0.00395078767181 0.00400920014294 0.9999005371 0.999867197875 10.417734834
340 0.00395087633606 0.0040093705018 0.9999005371 0.999867197875 10.732315107
350 0.00349334001097 0.00352028955384 0.9999005371 0.999867197875 11.046980996
360 0.00349047375221 0.00351854122909 0.9999005371 0.999867197875 11.36017077
370 0.00347925162823 0.00350488116452 0.9999005371 0.999867197875 11.673107428
380 0.00347754851213 0.0035015925213 0.9999005371 0.999867197875 11.987538667
390 0.00347441078862 0.00349557804624 0.9999336914 0.999867197875 12.300337295
400 0.00347307987364 0.00349448807796 0.9999336914 0.999867197875 12.612926492
410 0.0034312404846 0.00344106464744 0.9999668457 0.999933598938 12.926671736
420 0.0034311962311 0.00344112975599 0.9999668457 0.999933598938 13.240638583
430 0.00343096825275 0.00344013468773 0.9999668457 0.999933598938 13.555473447
440 0.00343073532945 0.0034400674917 0.9999668457 0.999933598938 13.869076038
450 0.00342989084507 0.00343934838846 0.9999668457 0.999933598938 14.182801726
460 0.00342982249864 0.00343846120122 0.9999668457 0.999933598938 14.49624603
470 0.00342803632988 0.00343758627533 0.9999668457 0.999933598938 14.812669881
480 0.00343033543019 0.00343891996076 0.9999668457 0.999867197875 15.128550143
490 0.0034259107745 0.00343448465244 0.9999668457 0.999933598938 15.442427175
500 0.00342438484559 0.00343252834403 0.9999668457 0.999933598938 15.757085005
510 0.00342283773815 0.00343184062701 0.9999668457 0.999933598938 16.072855847
520 0.00341979539915 0.00343018245069 0.9999668457 0.999933598938 16.386818349
530 0.00341950167946 0.00342951862233 0.9999668457 0.999933598938 16.701281989
540 0.00341395149983 0.00342216445495 1.0 1.0 17.017886813
550 0.00337986150756 0.00338083791461 1.0 1.0 17.334679153
560 0.00337986150494 0.00338083791221 1.0 1.0 17.649085972
570 0.00337924701646 0.00338052706789 1.0 1.0 17.963223156
580 0.00337924817203 0.00338052800097 1.0 1.0 18.277534031
590 0.00337924699451 0.00338052705203 1.0 1.0 18.592658341
600 0.0033792476618 0.00338048963829 1.0 1.0 18.906686443
610 0.00337915930565 0.00338043656237 1.0 1.0 19.220357398
620 0.0033791590895 0.00338043285822 1.0 1.0 19.533957003
630 0.00337915908949 0.00338043285821 1.0 1.0 19.847579758
640 0.00337912963392 0.00338042764443 1.0 1.0 20.161295457
650 0.00337912963392 0.00338042764443 1.0 1.0 20.474803636
660 0.00337912962794 0.00338042763991 1.0 1.0 20.788321388
670 0.0033791290664 0.00338042758282 1.0 1.0 21.102262563
680 0.00337840290374 0.0033790444852 1.0 1.0 21.415880536
690 0.00337840290338 0.00337904448462 1.0 1.0 21.729811894
700 0.00337840290337 0.00337904448462 1.0 1.0 22.043692923
710 0.00337826423949 0.00337874969297 1.0 1.0 22.357107322
720 0.00337825409 0.00337867859415 1.0 1.0 22.670685893
730 0.00337812424906 0.00337845388781 1.0 1.0 22.986689828
740 0.00337812424621 0.00337845388601 1.0 1.0 23.302542446
750 0.00337812422457 0.00337845387309 1.0 1.0 23.616775945
760 0.00337810230347 0.00337845376341 1.0 1.0 23.930580089
770 0.00140638175953 0.0014065368222 1.0 1.0 24.243388378
780 0.00140638163916 0.00140653666177 1.0 1.0 24.553680418
790 0.00140638163863 0.00140653666142 1.0 1.0 24.866687987
800 0.00140638152669 0.0014065366542 1.0 1.0 25.176691763
810 0.0014063815245 0.00140653665329 1.0 1.0 25.486551129
820 0.00140636684784 0.00140653424461 1.0 1.0 25.79820493
830 0.00140634587825 0.00140641730917 1.0 1.0 26.108083632
840 0.0014063450615 0.00140641727464 1.0 1.0 26.418160283
850 0.000740790951109 0.000740869080825 1.0 1.0 26.735881038
860 0.000740790951069 0.000740869080762 1.0 1.0 27.049738653
870 0.00048767197599 0.000487724587221 1.0 1.0 27.363073457
880 0.000487671975909 0.000487724587217 1.0 1.0 27.674994352
890 0.000487671927115 0.000487724526505 1.0 1.0 27.98943618
900 0.000214481322136 0.000214504953322 1.0 1.0 28.301975589
910 0.000214481322138 0.000214504953325 1.0 1.0 28.616301855
920 0.00021448079643 0.000214499464495 1.0 1.0 28.930945104
930 0.000214480796039 0.00021449946407 1.0 1.0 29.246269806
940 0.000214476755783 0.000214486216101 1.0 1.0 29.561704457
950 0.00021447675572 0.000214486216099 1.0 1.0 29.875449901
960 0.000214476508537 0.000214485819653 1.0 1.0 30.189242264
970 0.000214476508531 0.000214485819651 1.0 1.0 30.504363336
980 0.000179187504734 0.000179195156348 1.0 1.0 30.817961843
990 0.000179188638503 0.00017920490683 1.0 1.0 31.135665463

Error results for 
SA_cooling: 0.35

---------------------------
0 0.0887946309877 0.0888284086016 0.98527949075 0.985856573705 0.033539933
10 0.0888339039847 0.0888656261841 0.984815330548 0.984993359894 0.353354823
20 0.0892979870794 0.089324204157 0.982660301041 0.982802124834 0.67962875
30 0.0899245138456 0.0899340470491 0.977720310324 0.977954847278 1.01544389
40 0.0898820704864 0.0898905232968 0.978118161926 0.978685258964 1.324985152
50 0.0898582753657 0.0898704491643 0.978317087726 0.978751660027 1.634370843
60 0.0555851357725 0.055855063645 0.913666202506 0.910690571049 1.944222171
70 0.0555501538057 0.0558212880159 0.913931436907 0.910889774236 2.268707337
80 0.0555501307403 0.0558212583265 0.913931436907 0.910889774236 2.579335906
90 0.0555729033115 0.0558433231257 0.913865128307 0.910823373174 2.893094469
100 0.0555336039863 0.0558055108277 0.914030899808 0.910889774236 3.205995455
110 0.0551155680681 0.0554089415744 0.915390226112 0.913014608234 3.518998172
120 0.0549485710274 0.0552498428325 0.915887540614 0.913678618858 3.837221664
130 0.0543127643958 0.0546646504098 0.918539884623 0.915604249668 4.150264633
140 0.0541395102073 0.0544817692454 0.919766593727 0.916467463479 4.460465455
150 0.0541490309689 0.0544946426504 0.919700285127 0.916401062417 4.838616004
160 0.0540180825696 0.0543702549739 0.92059545123 0.917330677291 5.148497104
170 0.0539938765424 0.0543480960976 0.920794377031 0.917397078353 5.45914086
180 0.054350192625 0.0546912120283 0.917876798621 0.914674634794 5.771777797
190 0.05361118423 0.0539840545428 0.922717326437 0.919588313413 6.081852984
200 0.0528520214861 0.0532336668123 0.926994231152 0.924302788845 6.39541101
210 0.0462747841316 0.0464905624212 0.971122604602 0.969322709163 6.706012907
220 0.0386878143662 0.0388863841182 0.972680856707 0.970584329349 7.020895301
230 0.0386715609695 0.0388718243129 0.972813473908 0.970650730412 7.333404058
240 0.0386715533457 0.0388718132756 0.972813473908 0.970650730412 7.650247095
250 0.0386638803918 0.0388642693767 0.972813473908 0.970650730412 7.96168057
260 0.0386631437165 0.0388634568815 0.972813473908 0.970650730412 8.275500034
270 0.0386608983622 0.038861176601 0.972813473908 0.970650730412 8.591478552
280 0.0386160283445 0.0388199942323 0.972912936808 0.970849933599 8.904526959
290 0.0382095979931 0.038412881935 0.973178171209 0.971181938911 9.216508056
300 0.0381934166793 0.0383936766554 0.973277634109 0.971381142098 9.527905541
310 0.0381827927643 0.0383826967852 0.973310788409 0.971447543161 9.838347598
320 0.0381827776359 0.0383826833797 0.973310788409 0.971447543161 10.149077236
330 0.0351444806792 0.0353748343176 0.974603806114 0.972377158035 10.461789553
340 0.018878712535 0.019042279105 1.0 1.0 10.770576537
350 0.0135349292874 0.0136673401815 1.0 1.0 11.084825384
360 0.0135310706046 0.0136627913014 1.0 1.0 11.395863385
370 0.0135397158753 0.0136740848322 1.0 1.0 11.706420581
380 0.0135301305239 0.0136618380165 1.0 1.0 12.017230927
390 0.0135296408867 0.0136608151115 1.0 1.0 12.3276905
400 0.0135294965657 0.0136606661879 1.0 1.0 12.638860734
410 0.0135293872039 0.0136605800906 1.0 1.0 12.950087598
420 0.0135282863196 0.0136602183802 1.0 1.0 13.26159799
430 0.0135275649247 0.0136595507892 1.0 1.0 13.572492485
440 0.0135260158979 0.0136594761829 1.0 1.0 13.88382033
450 0.0135219172668 0.0136574552444 1.0 1.0 14.194383425
460 0.0135186583957 0.0136542771276 1.0 1.0 14.505277938
470 0.0135186497403 0.0136542750591 1.0 1.0 14.815980589
480 0.0135183932139 0.0136539905362 1.0 1.0 15.126809966
490 0.0135162620705 0.0136515265408 1.0 1.0 15.437268243
500 0.013391892541 0.0135334367323 1.0 1.0 15.747994725
510 0.0133904563155 0.0135329250872 1.0 1.0 16.058549611
520 0.0133895767499 0.0135327265307 1.0 1.0 16.3692867
530 0.0133895764183 0.0135327262831 1.0 1.0 16.680006694
540 0.0133851662512 0.0135291575464 1.0 1.0 16.994762374
550 0.013383252387 0.0135283688687 1.0 1.0 17.305360348
560 0.0133781571 0.0135213435187 1.0 1.0 17.617954674
570 0.0133768967833 0.013519965692 1.0 1.0 17.928525993
580 0.0133664374198 0.0135052233675 1.0 1.0 18.239156126
590 0.0133388101202 0.013482488459 1.0 1.0 18.549871493
600 0.0133365165177 0.0134805319882 1.0 1.0 18.860742855
610 0.0132652448931 0.0134087339685 1.0 1.0 19.171584397
620 0.0132652442249 0.013408733513 1.0 1.0 19.482371705
630 0.0132607379308 0.0134067846704 1.0 1.0 19.79298127
640 0.0132595852579 0.0134041688032 1.0 1.0 20.103647822
650 0.0132476441797 0.0133926573598 1.0 1.0 20.414385846
660 0.013243171233 0.0133881279459 1.0 1.0 20.724867939
670 0.0132431638955 0.0133881237229 1.0 1.0 21.037361587
680 0.0132413412439 0.0133865848057 1.0 1.0 21.347825685
690 0.0132403019177 0.0133855705412 1.0 1.0 21.658584286
700 0.0132397639264 0.0133848826132 1.0 1.0 21.968894393
710 0.0132277779356 0.0133733546072 1.0 1.0 22.280518476
720 0.013188775212 0.0133326743928 1.0 1.0 22.592354842
730 0.0131740644944 0.0133185182484 1.0 1.0 22.906526513
740 0.0131730128265 0.0133176173305 1.0 1.0 23.217580319
750 0.0131625580247 0.0133085295715 1.0 1.0 23.528537525
760 0.0131613566989 0.0133066762208 1.0 1.0 23.839176782
770 0.0130654139702 0.0132157211508 1.0 1.0 24.150221018
780 0.0130623244672 0.0132090888741 1.0 1.0 24.460495959
790 0.0130623242031 0.013209088498 1.0 1.0 24.771147979
800 0.013058156303 0.0132061928771 1.0 1.0 25.081481147
810 0.0129812694015 0.0131394385705 1.0 1.0 25.392203927
820 0.0129812597159 0.0131394356549 1.0 1.0 25.708576754
830 0.0129750813961 0.0131338889476 1.0 1.0 26.020637181
840 0.0129745259923 0.0131334295715 1.0 1.0 26.331280526
850 0.0129745259895 0.0131334295677 1.0 1.0 26.641790665
860 0.0129596128903 0.0131192575367 1.0 1.0 26.952716099
870 0.0129558005501 0.0131155292102 1.0 1.0 27.263447021
880 0.0129359013345 0.0130969392103 1.0 1.0 27.575634561
890 0.0129312676672 0.0130914177343 1.0 1.0 27.886383189
900 0.0129312450254 0.0130929779829 1.0 1.0 28.197233325
910 0.0129334135558 0.0130971741802 1.0 1.0 28.508397339
920 0.0129219550366 0.0130830227799 1.0 1.0 28.819265855
930 0.0128951791667 0.0130609304025 1.0 1.0 29.129907193
940 0.0127755377377 0.0129410127549 1.0 1.0 29.440633126
950 0.0127745902426 0.0129398051095 1.0 1.0 29.751381671
960 0.0127737215239 0.0129389781639 1.0 1.0 30.061960124
970 0.012760630689 0.0129281731782 1.0 1.0 30.372498238
980 0.0127602770663 0.0129278837349 1.0 1.0 30.682765665
990 0.0127304521521 0.0129012420729 1.0 1.0 30.99523239

Error results for 
SA_cooling: 0.55

---------------------------
0 0.202769255567 0.202234746553 0.0751939526557 0.080411686587 0.031265705
10 0.203404297136 0.202861805937 0.073237848949 0.0789508632138 0.344104058
20 0.203728777329 0.203179357892 0.0755254956568 0.0809428950863 0.649747342
30 0.203243579089 0.202703493134 0.0755254956568 0.0810092961487 0.953359745
40 0.20455219433 0.204001477709 0.0750281811551 0.0802124833997 1.2568654
50 0.204742874149 0.204202660142 0.0748624096545 0.0796812749004 1.559960826
60 0.206278068577 0.205733938676 0.0696903388369 0.076427622842 1.863596239
70 0.237598297594 0.237200567822 0.0154830581526 0.0160690571049 2.176556096
80 0.206243179659 0.205698533057 0.0697898017373 0.0764940239044 2.489034068
90 0.205868635352 0.205333454225 0.0718785226444 0.0784196547145 2.800616982
100 0.205868023009 0.205332773388 0.0718785226444 0.0784196547145 3.114747672
110 0.223986404644 0.224067478127 0.00842119222863 0.00903054448871 3.427256763
120 0.205833520498 0.205299330245 0.0718785226444 0.0784196547145 3.741024512
130 0.205599548603 0.205068741407 0.0722763742457 0.0786188579017 4.053686358
140 0.204030423788 0.203493329139 0.0819574298787 0.0873837981408 4.367871829
150 0.203156636463 0.202622249294 0.0819905841788 0.0875166002656 4.681787722
160 0.195699959835 0.195173524705 0.114945958491 0.120385126162 4.996420847
170 0.19569555097 0.195168206173 0.114945958491 0.120385126162 5.307813363
180 0.195678957058 0.195153955123 0.114945958491 0.120385126162 5.619119863
190 0.195643587407 0.195115396832 0.115178038592 0.120916334661 5.930202517
200 0.195596693973 0.19506035656 0.115575890193 0.121049136786 6.241376242
210 0.185740458661 0.185230929293 0.13238512035 0.137981407703 6.552963206
220 0.185574784117 0.185064435943 0.133048206352 0.138645418327 6.868775399
230 0.185558780836 0.185049885829 0.133081360652 0.138645418327 7.183570865
240 0.185427875538 0.184927476152 0.133313440753 0.138844621514 7.49654594
250 0.185390201965 0.184889386327 0.133313440753 0.138844621514 7.808033621
260 0.184392230191 0.183879402077 0.140010609376 0.146879150066 8.11942662
270 0.184146104078 0.183653730794 0.140010609376 0.146879150066 8.43085869
280 0.184140652085 0.183644055746 0.140010609376 0.146879150066 8.743200668
290 0.184125130068 0.183627382645 0.140043763676 0.146879150066 9.0549967
300 0.183951238667 0.183452346124 0.142099330283 0.14807436919 9.366517544
310 0.18347742883 0.182981790119 0.142231947484 0.148207171315 9.67814541
320 0.182916203525 0.182435322122 0.142397718984 0.14833997344 9.989826388
330 0.191730763819 0.191028396555 0.142099330283 0.148007968127 10.301345943
340 0.182692187415 0.182215313544 0.142530336185 0.148605577689 10.613891931
350 0.182619634324 0.18214657979 0.142696107685 0.148804780876 10.925484584
360 0.180571276059 0.180115411929 0.152476626218 0.158764940239 11.236924448
370 0.180345889074 0.179894682375 0.153637026722 0.159428950863 11.548748958
380 0.180268498097 0.179813592314 0.153703335323 0.159561752988 11.860610924
390 0.180303996758 0.179855967276 0.153703335323 0.159561752988 12.172583424
400 0.180225278022 0.179775261227 0.153869106823 0.15962815405 12.484098203
410 0.179321311365 0.178909517661 0.158543863139 0.164475431607 12.796094487
420 0.1793333925 0.178914242761 0.158278628738 0.164342629482 13.112562891
430 0.124030803256 0.123515176643 0.342616537365 0.345750332005 13.426864554
440 0.12400888689 0.12348881341 0.342616537365 0.345750332005 13.742687488
450 0.123975370371 0.123458443793 0.343113851867 0.345949535193 14.058758456
460 0.123934510743 0.123413814518 0.343113851867 0.345949535193 14.374654862
470 0.122758338991 0.122241639144 0.356607652012 0.359760956175 14.687397417
480 0.12253197308 0.122025943296 0.359558384722 0.362217795485 14.999809277
490 0.122402179393 0.12190235696 0.360818248127 0.363346613546 15.312426621
500 0.122382907409 0.12188008992 0.360917711027 0.363346613546 15.625085195
510 0.122344949318 0.121837556104 0.361315562628 0.363612217795 15.93823697
520 0.122337180861 0.121826455215 0.361315562628 0.363612217795 16.254601799
530 0.122605481289 0.122109992585 0.35879583582 0.360690571049 16.567101219
540 0.122173783942 0.121664348379 0.363172203435 0.365405046481 16.879452433
550 0.125668020815 0.125105931419 0.322027716995 0.327290836653 17.19228379
560 0.0661537264761 0.0658308162789 0.999734765599 0.999800796813 17.504833869
570 0.0660408089794 0.0657069135917 0.999734765599 0.999800796813 17.821372368
580 0.0435318994838 0.0433130107509 1.0 1.0 18.137232851
590 0.0435312790704 0.0433122226695 1.0 1.0 18.451025393
600 0.0416538945782 0.0414574025333 1.0 1.0 18.764642338
610 0.0416539314288 0.0414574826058 1.0 1.0 19.07882478
620 0.0431002291962 0.0428798461593 1.0 1.0 19.389971445
630 0.040881049959 0.0406869678645 1.0 1.0 19.701397615
640 0.0372626492598 0.037087329044 1.0 1.0 20.012963766
650 0.0372607470993 0.0370854938694 1.0 1.0 20.324532108
660 0.0371811847634 0.0370063593544 1.0 1.0 20.636092407
670 0.0368391841302 0.0366362176791 1.0 1.0 20.966114948
680 0.0368145225905 0.0366136524104 1.0 1.0 21.277799081
690 0.0368101012341 0.036608949675 1.0 1.0 21.590642929
700 0.0368095401343 0.036608550086 1.0 1.0 21.902308377
710 0.0366929671183 0.0364989105056 1.0 1.0 22.214219761
720 0.0366701930454 0.0364764083413 1.0 1.0 22.525748318
730 0.0365119013154 0.0363181189131 1.0 1.0 22.838425319
740 0.0365091121997 0.0363150671688 1.0 1.0 23.160936648
750 0.0364833989557 0.0362907570893 1.0 1.0 23.472556352
760 0.0364831257725 0.03629075596 1.0 1.0 23.784040501
770 0.0364767817183 0.0362843459652 1.0 1.0 24.096010281
780 0.0364764311597 0.0362845191965 1.0 1.0 24.407398991
790 0.036475400399 0.0362830625424 1.0 1.0 24.719176558
800 0.0364567770305 0.0362628433836 1.0 1.0 25.030525024
810 0.0364555186288 0.0362612012067 1.0 1.0 25.343330624
820 0.0135291278526 0.0135072833745 1.0 1.0 25.65661943
830 0.0135263658769 0.0135047114664 1.0 1.0 25.972277904
840 0.0135263635521 0.0135047049102 1.0 1.0 26.285926965
850 0.0135265567359 0.0135048155686 1.0 1.0 26.600838247
860 0.00817717511589 0.00816213231774 1.0 1.0 26.91144132
870 0.0081669893774 0.00815156331326 1.0 1.0 27.221816524
880 0.00816212531884 0.00814831264639 1.0 1.0 27.531801522
890 0.00814369156282 0.00813066129851 1.0 1.0 27.843258132
900 0.00809033423058 0.00807971851947 1.0 1.0 28.154406817
910 0.00809033289885 0.0080797174282 1.0 1.0 28.464795856
920 0.00809033243261 0.00807971689564 1.0 1.0 28.774725572
930 0.00735139688224 0.00734568945766 1.0 1.0 29.084680046
940 0.00735157652763 0.00734585409025 1.0 1.0 29.394276173
950 0.00735066669111 0.00734502872502 1.0 1.0 29.704535693
960 0.00734779102099 0.00734237253318 1.0 1.0 30.014155687
970 0.00735321970732 0.00734839339586 1.0 1.0 30.323918045
980 0.00734633617762 0.00734063297675 1.0 1.0 30.633422464
990 0.00464079525075 0.00462966023543 1.0 1.0 30.949235425

Error results for 
SA_cooling: 0.70

---------------------------
0 0.174430373472 0.17477226503 0.0 0.0 0.031454727
10 0.174497854529 0.174841447916 0.0 0.0 0.346195289
20 0.17452756651 0.17486636207 0.0 0.0 0.661038498
30 0.174524032575 0.174861486992 0.0 0.0 0.975674396
40 0.174524032597 0.174861487 0.0 0.0 1.290524279
50 0.196554291655 0.196897979403 0.0 0.0 1.593012591
60 0.19655539591 0.196900445618 0.0 0.0 1.895336971
70 0.196517352556 0.196859214689 0.0 0.0 2.197639009
80 0.188615854464 0.188615853684 0.0 0.0 2.500172361
90 0.188615854382 0.18861585378 0.0 0.0 2.803342166
100 0.188615854393 0.188615853843 0.0 0.0 3.114741693
110 0.188615854391 0.188615853835 0.0 0.0 3.4290437
120 0.139593922411 0.139593921977 0.0 0.0 3.740152752
130 0.13959392241 0.139593921984 0.0 0.0 4.046948299
140 0.139593922563 0.139593922036 0.0 0.0 4.357671016
150 0.139593922072 0.139593921874 0.0 0.0 4.668046753
160 0.139593922073 0.139593921874 0.0 0.0 4.974938543
170 0.139593922191 0.139593922013 0.0 0.0 5.282018937
180 0.139593921823 0.139593921757 0.0 0.0 5.58914577
190 0.139593921654 0.139593921588 0.0 0.0 5.896283603
200 0.139593920766 0.139593920783 0.0 0.0 6.203583317
210 0.139593920717 0.139593920754 0.0 0.0 6.511275121
220 0.139593920466 0.139593920716 0.0 0.0 6.818758343
230 0.139593920167 0.13959392058 0.0 0.0 7.126106365
240 0.139593920164 0.139593920577 0.0 0.0 7.435384126
250 0.139593920166 0.139593920578 0.0 0.0 7.742583505
260 0.139593920171 0.139593920579 0.0 0.0 8.049768325
270 0.139593920159 0.139593920575 0.0 0.0 8.356871639
280 0.139593920158 0.139593920574 0.0 0.0 8.664001102
290 0.0822089198009 0.0822089197127 1.0 1.0 8.974529156
300 0.0822089197959 0.0822089197073 1.0 1.0 9.285774299
310 0.0822089197934 0.0822089197065 1.0 1.0 9.597156608
320 0.0822089197819 0.0822089197029 1.0 1.0 9.90883854
330 0.0822089193794 0.0822089193368 1.0 1.0 10.221031539
340 0.0822089193789 0.0822089193368 1.0 1.0 10.53238707
350 0.0822089193786 0.0822089193364 1.0 1.0 10.84377348
360 0.0822089194346 0.0822089193533 1.0 1.0 11.160333374
370 0.0546403375626 0.0546403375331 1.0 1.0 11.468200321
380 0.0546403376044 0.0546403375481 1.0 1.0 11.77509926
390 0.0546403375457 0.0546403375282 1.0 1.0 12.082119591
400 0.0546403375411 0.0546403375209 1.0 1.0 12.389099451
410 0.0546403375405 0.0546403375208 1.0 1.0 12.696261426
420 0.0546403375405 0.0546403375208 1.0 1.0 13.003191815
430 0.0546403375151 0.054640337507 1.0 1.0 13.312148897
440 0.0546403374903 0.0546403374758 1.0 1.0 13.619073327
450 0.0546403374876 0.0546403374735 1.0 1.0 13.926043998
460 0.0546403374876 0.0546403374735 1.0 1.0 14.233056389
470 0.0546403374875 0.0546403374735 1.0 1.0 14.542797598
480 0.0546403374863 0.0546403374725 1.0 1.0 14.84973139
490 0.0546403374752 0.0546403374684 1.0 1.0 15.157374247
500 0.0546403374746 0.054640337468 1.0 1.0 15.464345089
510 0.0546403374743 0.0546403374678 1.0 1.0 15.771699503
520 0.0395190985069 0.0395190984995 1.0 1.0 16.082953956
530 0.0395190985047 0.0395190984995 1.0 1.0 16.394846835
540 0.0395190985038 0.0395190984992 1.0 1.0 16.706583272
550 0.0395190985038 0.0395190984991 1.0 1.0 17.018131644
560 0.0395190985038 0.0395190984991 1.0 1.0 17.329505527
570 0.0395191067286 0.0395191086233 1.0 1.0 17.641051904
580 0.0395190985037 0.039519098497 1.0 1.0 17.952905155
590 0.0395190985033 0.0395190984964 1.0 1.0 18.264375318
600 0.039519098744 0.0395190987151 1.0 1.0 18.575687605
610 0.0395190985019 0.0395190984928 1.0 1.0 18.887140075
620 0.0395190985008 0.039519098492 1.0 1.0 19.198330913
630 0.0395190985008 0.039519098492 1.0 1.0 19.509690287
640 0.0395190984767 0.0395190984753 1.0 1.0 19.822296352
650 0.0395190984767 0.0395190984753 1.0 1.0 20.134077482
660 0.0395190984764 0.0395190984753 1.0 1.0 20.487687091
670 0.0395190984762 0.0395190984746 1.0 1.0 20.799564584
680 0.0395190984762 0.0395190984746 1.0 1.0 21.111164577
690 0.0395190984735 0.0395190984733 1.0 1.0 21.423372285
700 0.0395190984735 0.0395190984733 1.0 1.0 21.735210781
710 0.0395190984735 0.0395190984733 1.0 1.0 22.048831323
720 0.0395190984735 0.0395190984733 1.0 1.0 22.360235321
730 0.0395190984735 0.0395190984733 1.0 1.0 22.671505176
740 0.0395190984735 0.0395190984733 1.0 1.0 22.985228226
750 0.0267993588225 0.0267993588218 1.0 1.0 23.297196474
760 0.0267993588218 0.0267993588214 1.0 1.0 23.608851782
770 0.0267993588219 0.0267993588217 1.0 1.0 23.922443132
780 0.0306112361105 0.03061123611 1.0 1.0 24.315896606
790 0.0267993588218 0.0267993588213 1.0 1.0 24.633287206
800 0.0267993588242 0.026799358823 1.0 1.0 24.944837336
810 0.0267993588218 0.0267993588213 1.0 1.0 25.256891163
820 0.0267993588218 0.0267993588213 1.0 1.0 25.568676115
830 0.0267993588218 0.0267993588213 1.0 1.0 25.881134245
840 0.0267993588218 0.0267993588213 1.0 1.0 26.193644182
850 0.0267993588214 0.026799358821 1.0 1.0 26.50631138
860 0.0267993588214 0.026799358821 1.0 1.0 26.818161102
870 0.0267993588214 0.026799358821 1.0 1.0 27.130512483
880 0.0267993588205 0.0267993588203 1.0 1.0 27.442294044
890 0.0267993588205 0.0267993588203 1.0 1.0 27.754863755
900 0.0267993588205 0.0267993588203 1.0 1.0 28.066612827
910 0.0267993588205 0.0267993588203 1.0 1.0 28.475935356
920 0.0267993588205 0.0267993588203 1.0 1.0 28.787637514
930 0.0267993588205 0.0267993588203 1.0 1.0 29.099679569
940 0.0267993588201 0.02679935882 1.0 1.0 29.411656865
950 0.0133486010625 0.0133486010625 1.0 1.0 29.723454609
960 0.0133486010625 0.0133486010625 1.0 1.0 30.043611877
970 0.00662931067419 0.00662931067413 1.0 1.0 30.352655588
980 0.00662931067419 0.00662931067413 1.0 1.0 30.661597299
990 0.00662931067419 0.00662931067413 1.0 1.0 30.969793573

Error results for 
SA_cooling: 0.95

---------------------------
0 0.0605770934692 0.0603992093476 0.998176513494 0.998738379814 0.031412581
10 0.0605184828495 0.0603418168145 0.998176513494 0.998738379814 0.345857231
20 0.0589718469855 0.0588372517821 0.9998673828 0.999933598938 0.705304447
30 0.0589975102487 0.0588623046138 0.9998673828 0.999933598938 1.019373984
40 0.0590654835868 0.0589302770583 0.9998673828 0.999933598938 1.320605964
50 0.0576783859562 0.0576045022826 1.0 1.0 1.621363351
60 0.0530412084502 0.0529600180407 1.0 1.0 1.922084961
70 0.0534661418481 0.0533690893284 1.0 1.0 2.222795388
80 0.0534656888927 0.053368524327 1.0 1.0 2.52343072
90 0.0534604136809 0.0533630785305 1.0 1.0 2.837326555
100 0.0534495490687 0.0533459990166 1.0 1.0 3.151222882
110 0.0335549554112 0.0334294110843 0.9999005371 0.999800796813 3.469137188
120 0.0335907612484 0.0334645268843 0.9999005371 0.999800796813 3.787606262
130 0.0336255490656 0.0334994405369 0.9999005371 0.999800796813 4.105748916
140 0.0335795256174 0.0334562924677 0.9999336914 0.999800796813 4.424518393
150 0.0335714371937 0.0334480707006 0.9999336914 0.999800796813 4.743248619
160 0.0335983844653 0.0334722281405 0.9999336914 0.999800796813 5.061769748
170 0.0350563188113 0.0348482618553 0.999038525297 0.999468791501 5.380472171
180 0.0289668251642 0.0287430180517 0.998408593595 0.998804780876 5.6977209
190 0.0289612053863 0.0287382717892 0.998408593595 0.998804780876 6.013281688
200 0.0455332291508 0.0452299584849 0.992672899675 0.993293492696 6.328700506
210 0.0345735607628 0.0340704678729 0.975399509316 0.977224435591 6.645824737
220 0.0309822590613 0.0303650569318 0.974537497513 0.977290836653 6.96214367
230 0.040547789538 0.0394565176703 0.940885882899 0.943824701195 7.278683643
240 0.262609506596 0.261215854198 0.0140574232478 0.0150730411687 7.593795063
250 0.300917976687 0.29955076647 0.0129964856442 0.0140770252324 7.911073854
260 0.327564669652 0.326933948932 0.010012598634 0.0107569721116 8.226853004
270 0.325939182181 0.325228943983 0.0139579603475 0.0146082337317 8.541612373
280 0.320959940214 0.32024885481 0.0169086930575 0.0175962815405 8.856738284
290 0.306416668833 0.306177582799 0.0241363304821 0.0246347941567 9.171439729
300 0.306738383743 0.306496962491 0.0237053245806 0.0243027888446 9.485872326
310 0.288804474896 0.288553674656 0.0320933625091 0.0324701195219 9.800302173
320 0.285637275104 0.285465032701 0.0365691930243 0.0362549800797 10.115240888
330 0.285637276655 0.285465034292 0.0365691930243 0.0362549800797 10.429898921
340 0.285637276432 0.285465034019 0.0365691930243 0.0362549800797 10.744906257
350 0.285645333269 0.285473721877 0.0365691930243 0.0362549800797 11.059668269
360 0.285645333309 0.285473722057 0.0365691930243 0.0362549800797 11.37491554
370 0.067253401688 0.0662699421231 0.883628406604 0.886719787517 11.691007125
380 0.0672884570104 0.0662966114426 0.883528943704 0.886586985392 12.00835077
390 0.0347715551563 0.0347715472698 1.0 1.0 12.325867132
400 0.0347715598829 0.0347715525012 1.0 1.0 12.645596104
410 0.0439249218865 0.0433311695314 0.964856441881 0.967065073041 12.964449113
420 0.0434892341965 0.0429188997155 0.967077779988 0.968924302789 13.282842224
430 0.0439377270902 0.0433356683006 0.965254293482 0.967729083665 13.600899262
440 0.0438638348434 0.0432677337665 0.965618990783 0.967994687915 13.919392022
450 0.0436700893847 0.0430719479909 0.966315231085 0.968791500664 14.237453512
460 0.0436937714713 0.043095233936 0.966315231085 0.968725099602 14.555869666
470 0.0436970751138 0.0430992855571 0.966282076785 0.968725099602 14.874521286
480 0.044330867341 0.0437719699046 0.963961275777 0.965803452855 15.19256221
490 0.0443308679164 0.0437719704438 0.963961275777 0.965803452855 15.510648201
500 0.0310313238656 0.0306687233199 0.975333200716 0.976626826029 15.82796109
510 0.0309481616724 0.0305886738471 0.975697898017 0.977158034529 16.144880585
520 0.0309421637352 0.0305832484168 0.975697898017 0.977158034529 16.461607111
530 0.0312111847301 0.0308462531739 0.975764206618 0.977290836653 16.778046549
540 0.0302841338985 0.0299465137832 0.980306345733 0.98160690571 17.094949248
550 0.032375616877 0.0320452543027 0.980240037133 0.981407702523 17.413418898
560 0.0256942351241 0.0253859047702 0.982593992441 0.983864541833 17.730891753
570 0.026714075408 0.0263737001308 0.978283933426 0.979415670651 18.045300259
580 0.026617491658 0.0262953403446 0.978681785028 0.979614873838 18.35964801
590 0.0266309400095 0.0263092599187 0.978681785028 0.979548472776 18.67373963
600 0.0271904244824 0.0268968894292 0.975797360918 0.976892430279 18.988012914
610 0.0275340019991 0.0272251575157 0.974471188913 0.975431606906 19.304668056
620 0.0276871703002 0.0273777994892 0.974404880313 0.975365205843 19.619266866
630 0.0277576898132 0.0274390903197 0.974205954512 0.975630810093 19.933313249
640 0.0278571610321 0.0275361913198 0.973708640011 0.975232403718 20.247436557
650 0.0193538518178 0.0190394955002 0.975101120615 0.97583001328 20.562423818
660 0.0193578735218 0.0190432121685 0.975101120615 0.97583001328 20.879870391
670 0.0193040620762 0.0189896107533 0.975101120615 0.97583001328 21.197423067
680 0.019331705008 0.0190151845699 0.975101120615 0.975896414343 21.515088778
690 0.019332390993 0.0190162545724 0.975101120615 0.975896414343 21.83251708
700 0.0176472936815 0.0174141655857 0.982162986539 0.983466135458 22.150714625
710 0.0176184914028 0.0173755249109 0.982196140839 0.983598937583 22.47129633
720 0.0176184914025 0.0173755249109 0.982196140839 0.983598937583 22.789129315
730 0.0175931957302 0.0173529737828 0.982196140839 0.983598937583 23.106977968
740 0.0173746188738 0.0171609112053 0.982892381142 0.983997343958 23.431038055
750 0.017374848558 0.0171611024423 0.982892381142 0.983997343958 23.748579875
760 0.017299331583 0.0170887543211 0.983091306943 0.98432934927 24.066399158
770 0.0172979301934 0.0170873369859 0.983091306943 0.98432934927 24.384069041
780 0.0172979302071 0.0170873369898 0.983091306943 0.98432934927 24.701616561
790 0.0172970843249 0.0170861866472 0.983091306943 0.98432934927 25.019206352
800 0.0172982059136 0.0170871111306 0.983091306943 0.98432934927 25.336462189
810 0.0172462417352 0.0170226373028 0.983389695644 0.984528552457 25.655012445
820 0.0166132682668 0.0163830258842 0.985478416551 0.986454183267 25.972805753
830 0.0166061855977 0.0163771511088 0.985478416551 0.986454183267 26.291018322
840 0.0166121142008 0.0163833822666 0.985478416551 0.986454183267 26.60893258
850 0.0152367835261 0.0150255168942 0.989887938466 0.991102257636 26.927036485
860 0.0151915596602 0.0149780410735 0.989921092766 0.991168658699 27.246395515
870 0.015107213332 0.0149026322916 0.990186327167 0.991500664011 27.564268134
880 0.0151072134352 0.0149026323664 0.990186327167 0.991500664011 27.882246673
890 0.015105773744 0.0149011915356 0.990186327167 0.991500664011 28.200260269
900 0.015090838867 0.0148826680862 0.990219481467 0.991567065073 28.518092059
910 0.0150893828734 0.0148808577287 0.990219481467 0.991567065073 28.837057481
920 0.00923861071395 0.0089367585355 0.988992772363 0.990571049137 29.154592839
930 0.0086080236252 0.00829237465549 0.988860155162 0.990571049137 29.468642629
940 0.0086080236249 0.00829237465365 0.988860155162 0.990571049137 29.782685559
950 0.0086080236249 0.00829237465365 0.988860155162 0.990571049137 30.097712517
960 0.0086079521678 0.00829227057571 0.988860155162 0.990571049137 30.416913786
970 0.00855038758563 0.00822429316734 0.988959618062 0.990770252324 30.733265532
980 0.0085503866965 0.00822429161844 0.988959618062 0.990770252324 31.048800425
990 0.00854677765253 0.00822207419167 0.988959618062 0.990770252324 31.365642191
