0   0.121465574471   0.121787413307   501010
10   0.00382383507824   0.00385161974881   501010
20   0.0038187478469   0.00384705403641   501010
30   0.00381873403122   0.00384704914996   501010
40   0.00379576526806   0.00382442681224   501010
50   0.00239518916065   0.00241400797343   501010
60   0.00239533418339   0.0024141653666   501010
70   0.00136816012775   0.00138048103514   501010
80   0.00141511976425   0.00142665308828   501010
90   0.000609557278515   0.000614146321233   501010
100   0.000371157567661   0.000373995333547   501010
110   0.000371120073518   0.00037398488907   501010
120   0.000370625034364   0.000373583973748   501010
130   0.000371483943919   0.000374341263896   501010
140   0.000175402126339   0.000176772191493   501010
150   0.000118508604263   0.000118297029072   501010
160   0.000107355332008   0.00010821947265   501010
170   5.52249500032e-05   5.51244567197e-05   501010
180   5.52240317626e-05   5.51240040355e-05   501010
190   5.53523360686e-05   5.52287938914e-05   501010
200   2.15029695776e-05   2.14616093559e-05   501010
210   2.17213917676e-05   2.16422850756e-05   501010
220   2.14907220159e-05   2.14533139303e-05   501010
230   2.14986385962e-05   2.14629697164e-05   501010
240   1.08114313823e-05   1.07913837551e-05   501010
250   1.13155009485e-05   1.129456216e-05   501010
260   1.13150575338e-05   1.12933607714e-05   501010
270   1.08125720882e-05   1.07919369874e-05   501010
280   7.21274062328e-06   7.19895744939e-06   501010
290   1.13168704832e-05   1.12952176818e-05   501010
300   3.84627915895e-06   3.84051696038e-06   501010
310   1.96870183086e-06   1.95646160206e-06   501010
320   1.06154912149e-06   1.05688380254e-06   501010
330   1.0632625943e-06   1.05691563049e-06   501010
340   1.05808048782e-06   1.05322668974e-06   501010
350   1.05447928697e-06   1.04938912522e-06   501010
360   2.28837048481e-07   2.27841106255e-07   501010
370   5.83366693496e-08   5.81761962639e-08   501010
380   1.10051762071e-07   1.09697152633e-07   501010
390   5.00923139734e-08   4.99228500442e-08   501010
400   5.00932006316e-08   4.99280221346e-08   501010
410   4.74500491887e-07   4.74848109672e-07   501010
420   2.63994631391e-08   2.63252646193e-08   501010
430   1.5387655776e-08   1.54684548928e-08   501010
440   1.54559513394e-08   1.54066718642e-08   501010
450   1.53646353595e-08   1.5381605704e-08   501010
460   1.53436215485e-08   1.5353256637e-08   501010
470   1.54019492362e-08   1.54746346321e-08   501010
480   1.53459014849e-08   1.53583565137e-08   501010
490   8.40787068225e-09   8.44883745125e-09   501010
0   0.144190862704   0.144188405411   501020
10   0.0240674652028   0.0246162040183   501020
20   0.0146320213285   0.0150919933087   501020
30   0.0158205258047   0.016213028667   501020
40   0.0124256445877   0.012661978651   501020
50   0.00971239342659   0.0097510965539   501020
60   0.00845664129343   0.0087348800273   501020
70   0.00315679858252   0.00317676860831   501020
80   0.00140069863462   0.00140810269437   501020
90   0.0021164516117   0.0021252127539   501020
100   0.000272042965397   0.000273619440677   501020
110   0.000108815202378   0.000109468302355   501020
120   0.000144798286146   0.000145631136042   501020
130   6.86616014618e-05   6.90983642939e-05   501020
140   6.84024680124e-05   6.88253267816e-05   501020
150   6.86759644209e-05   6.9111314394e-05   501020
160   2.43643545943e-05   2.43773025791e-05   501020
170   1.17927673153e-05   1.17994607765e-05   501020
180   1.02411787689e-05   1.02487003351e-05   501020
190   9.48202779297e-06   9.31011747625e-06   501020
200   4.96719488881e-06   4.87694623644e-06   501020
210   2.13590525583e-06   2.12448782889e-06   501020
220   6.38097701276e-07   6.51274582784e-07   501020
230   2.47479710614e-07   2.52446852251e-07   501020
240   2.45904638328e-07   2.50933910108e-07   501020
250   2.4606088639e-07   2.51447010044e-07   501020
260   8.10552375989e-08   8.9053793755e-08   501020
270   8.09518171054e-08   8.89181980147e-08   501020
280   2.43488803593e-08   2.67159487718e-08   501020
290   1.76297222827e-08   1.93896368938e-08   501020
300   1.87558168795e-08   2.01631082039e-08   501020
310   2.03578765031e-09   2.19934493998e-09   501020
320   2.0077418052e-09   2.15864578096e-09   501020
330   2.14463861562e-09   2.31591005581e-09   501020
340   1.51587615067e-09   1.644125347e-09   501020
350   6.89018413241e-10   7.44375272844e-10   501020
360   1.21795821112e-10   1.31492738814e-10   501020
370   8.11805076401e-11   8.19236495288e-11   501020
380   3.48695671032e-11   3.35576928639e-11   501020
390   1.28103017943e-11   1.27407483906e-11   501020
400   6.99338308891e-12   6.89819107052e-12   501020
410   7.29357047115e-12   7.20584047899e-12   501020
420   6.95829003709e-12   6.89360358327e-12   501020
430   2.19332613055e-12   2.37652345274e-12   501020
440   1.62180390963e-12   1.76686637884e-12   501020
450   1.6284610898e-12   1.77318626064e-12   501020
460   1.11629369255e-12   1.25732931051e-12   501020
470   9.35998348989e-13   1.16517705766e-12   501020
480   8.19624936614e-13   1.02424080398e-12   501020
490   9.29677297743e-13   1.1678611887e-12   501020
0   0.0206169120771   0.0206015048632   502010
10   0.00494627709065   0.00488766158109   502010
20   0.00480886099655   0.00481035155753   502010
30   0.00425594833719   0.00420027487119   502010
40   0.00410081882212   0.00404882465899   502010
50   0.00423142535947   0.00417748820745   502010
60   0.00415655189077   0.00410267432108   502010
70   0.00416093370911   0.00410827744424   502010
80   0.00411857106059   0.00406703755856   502010
90   0.00216800292729   0.0021371675002   502010
100   0.0019170221242   0.00188332356594   502010
110   0.00223028174609   0.00219656876247   502010
120   0.00224273541474   0.00221157969237   502010
130   0.000974390486499   0.000967076512385   502010
140   0.00101851772056   0.000999410139161   502010
150   0.000974391279907   0.000967077612172   502010
160   0.000975054066181   0.000967560099943   502010
170   0.000506928403769   0.000503241028261   502010
180   0.000533608537132   0.000529355123976   502010
190   0.000247913556872   0.000242571225098   502010
200   0.000238684559015   0.000233600559373   502010
210   0.000250908273771   0.000245395386314   502010
220   9.6205583874e-05   9.40732185851e-05   502010
230   8.01392792186e-05   7.84329773781e-05   502010
240   9.55110133735e-05   9.32865377128e-05   502010
250   3.78932501104e-05   3.75829216351e-05   502010
260   3.61371375291e-05   3.58887985523e-05   502010
270   3.60772023677e-05   3.58465199148e-05   502010
280   3.6137145548e-05   3.58888076525e-05   502010
290   3.67253888303e-05   3.64639286943e-05   502010
300   2.17927256327e-05   2.16488586567e-05   502010
310   2.1792728233e-05   2.16488617123e-05   502010
320   1.77724118029e-05   1.75512967372e-05   502010
330   1.00939230635e-05   9.97169918525e-06   502010
340   5.59154674899e-06   5.51776531136e-06   502010
350   5.69206027414e-06   5.62362830613e-06   502010
360   5.42780062399e-06   5.35991304058e-06   502010
370   3.8325492925e-06   3.77886995736e-06   502010
380   3.63097023411e-06   3.58547206802e-06   502010
390   3.68798776522e-06   3.64225650382e-06   502010
400   3.6990787802e-06   3.65589103833e-06   502010
410   1.41455224553e-06   1.39760420902e-06   502010
420   1.0135470513e-06   1.01343730427e-06   502010
430   1.01355327016e-06   1.01344654142e-06   502010
440   1.01438161927e-06   1.01423500533e-06   502010
450   4.28964623389e-07   4.28917659167e-07   502010
460   2.18571067135e-07   2.18548970093e-07   502010
470   8.43639554977e-08   8.43570138046e-08   502010
480   8.43669698307e-08   8.43581251852e-08   502010
490   7.1215792936e-08   7.12086437908e-08   502010
0   0.0685415884802   0.0690087639627   502020
10   0.00590796809352   0.00591468124513   502020
20   0.0011198667503   0.00114364728302   502020
30   0.00110532590445   0.00113031879521   502020
40   0.00116720313108   0.00119807627872   502020
50   0.0005100162176   0.000527423458825   502020
60   0.000470314408228   0.000485001973842   502020
70   0.000501081782038   0.000503581631923   502020
80   0.000191447738137   0.000193897354046   502020
90   0.000156711846759   0.000158715332785   502020
100   0.000120846853258   0.000126241513541   502020
110   4.80682052933e-05   5.04115806826e-05   502020
120   3.52251956308e-05   3.30322339284e-05   502020
130   1.6727828869e-05   1.44904370897e-05   502020
140   4.56066181806e-06   4.60087114744e-06   502020
150   4.64345182804e-06   4.69489771199e-06   502020
160   4.5750379351e-06   4.61732036101e-06   502020
170   4.6527865642e-06   4.68246116813e-06   502020
180   1.84942776435e-06   1.86799675817e-06   502020
190   1.17377155137e-06   1.18892283421e-06   502020
200   4.42216292886e-07   4.92142901609e-07   502020
210   3.68914355147e-07   4.31952640217e-07   502020
220   6.32183701377e-07   6.80730178697e-07   502020
230   7.73963277389e-08   7.739632823e-08   502020
240   2.26895831614e-07   2.43328629543e-07   502020
250   1.68744242359e-08   1.68744243705e-08   502020
260   1.68744242179e-08   1.68744243527e-08   502020
270   1.68744242678e-08   1.68744244128e-08   502020
280   1.11098038335e-08   1.11098038157e-08   502020
290   4.67266388892e-09   4.67266385852e-09   502020
300   1.94119737832e-09   1.94119740179e-09   502020
310   7.47106539625e-10   7.47106562307e-10   502020
320   7.47106430313e-10   7.47106421503e-10   502020
330   7.47106551766e-10   7.47106565841e-10   502020
340   4.21046898009e-10   4.21046901556e-10   502020
350   7.62914599031e-11   7.62914620056e-11   502020
360   5.25182613108e-11   5.25182625634e-11   502020
370   5.25182721489e-11   5.25182755908e-11   502020
380   3.52938812859e-11   3.52938801537e-11   502020
390   3.45075653568e-12   3.45075662636e-12   502020
400   1.76077707812e-12   1.76077712434e-12   502020
410   1.76077707896e-12   1.76077712514e-12   502020
420   1.76077699738e-12   1.76077703853e-12   502020
430   1.11411491263e-12   1.11411495743e-12   502020
440   6.8302291746e-13   6.83022944299e-13   502020
450   1.34660674648e-13   1.34660679953e-13   502020
460   1.34660674477e-13   1.34660679824e-13   502020
470   1.34660690621e-13   1.34660695789e-13   502020
480   1.34660670232e-13   1.34660675179e-13   502020
490   6.07604990235e-14   6.07605028969e-14   502020
