0  0.0987301550259  0.0987342908652
10  0.0986622301344  0.0986660352791
20  0.0568988930514  0.0568958583802
30  0.0568988911448  0.0568958480207
40  0.0568132985615  0.0568068432377
50  0.0568153821109  0.0568083707072
60  0.0412965838159  0.0413949580915
70  0.041296036362  0.0413937882651
80  0.0413150864035  0.0414162281368
90  0.0412876680167  0.041388349237
100  0.0412645585398  0.0413625103412
110  0.041258523468  0.0413575391624
120  0.0411341169403  0.0412396866736
130  0.0411293294475  0.041235207205
140  0.0411566757993  0.0412644022976
150  0.0211414249527  0.0212062798056
160  0.017164510091  0.0172184073529
170  0.0171631047853  0.0172168159679
180  0.0171519410436  0.0172061013893
190  0.00983726358844  0.0098577895377
200  0.00957599765343  0.00960085450669
210  0.00955864262178  0.00958208193623
220  0.00954921684477  0.00957202910768
230  0.00950868181551  0.00953070637976
240  0.00950751359556  0.00952993306704
250  0.0104757497934  0.010499411606
260  0.00937302047628  0.00939690835186
270  0.00937301947316  0.00939690239624
280  0.0093283757959  0.0093521966377
290  0.00932808794358  0.00935197838226
300  0.00926140195049  0.00928793859722
310  0.0092447409877  0.00927192394482
320  0.00922885056517  0.00925494660014
330  0.00922665753374  0.00925345784905
340  0.00794056195216  0.00796240298301
350  0.00790589689674  0.00793032560935
360  0.00790063045318  0.00792536180458
370  0.00788319508756  0.007908051492
380  0.00747569006015  0.00750482239156
390  0.00747495086923  0.00750446459614
400  0.00747386332761  0.00750352592575
410  0.0072684822143  0.00727687157471
420  0.00723891513346  0.00724727645938
430  0.0072378911668  0.00724584715969
440  0.00723433831945  0.00724271458848
450  0.0072342280229  0.00724250541712
460  0.00717552280529  0.0071861568189
470  0.00317053925743  0.00317551495584
480  0.0031694426622  0.00317429935727
490  0.00318126030704  0.00318553749766
500  0.00316346847968  0.00316833010053
510  0.00315858505534  0.0031628788823
520  0.00315816400627  0.0031624010339
530  0.00315618202048  0.00316048831354
540  0.00309566412528  0.00310098796909
550  0.0030962257159  0.00310145656708
560  0.0030960840971  0.00310142851755
570  0.00309414610627  0.00309966672854
580  0.00309400864214  0.00309961718711
590  0.00309370937918  0.00309943660282
600  0.00190383655547  0.00190746833206
610  0.00190374511467  0.00190737580339
620  0.00190354114046  0.00190716547163
630  0.00188385724608  0.00188736408181
640  0.00188317552656  0.00188675077004
650  0.00188274594867  0.00188634871733
660  0.00188120161627  0.00188493076109
670  0.00188047194362  0.00188427359167
680  0.00188047079519  0.00188427235474
690  0.00187847323872  0.00188247454627
700  0.00186682876489  0.00187110655951
710  0.00186612952371  0.00187040348101
720  0.00186577299865  0.00187017164058
730  0.00186572868687  0.00187013034064
740  0.0018657224652  0.00187012612094
750  0.00186569936683  0.00187010722956
760  0.00186097830689  0.00186560730859
770  0.00186954004109  0.00187395419906
780  0.0018608137271  0.0018652867961
790  0.00272423232531  0.00273106710347
800  0.00186048964577  0.00186502495737
810  0.0018599966923  0.00186454119891
820  0.0018599966923  0.00186454119891
830  0.00174810125754  0.00175232641456
840  0.00174739085746  0.00175162502891
850  0.00174739085746  0.00175162502891
860  0.00174739085746  0.00175162502891
870  0.00174739085746  0.00175162502891
880  0.00174663317921  0.00175081155372
890  0.00174402356835  0.00174835443216
900  0.00174402356835  0.00174835443216
910  0.00169523435912  0.00169516573214
920  0.00169523435912  0.00169516573214
930  0.00172178199166  0.00172157423934
940  0.0016952343591  0.00169516573207
950  0.0016952343591  0.00169516573207
960  0.00169516275838  0.00169509654144
970  0.00169516275838  0.00169509654144
980  0.0016951508523  0.00169508963423
990  0.00171302265078  0.00171284035918
