
Error results for Backprop
---------------------------
0 0.0256036169768 0.025445128749 1.0 1.0 0.121287163
10 1.94733199758e-17 2.11809970529e-17 1.0 1.0 0.915126549
20 0.0 0.0 1.0 1.0 1.671467556
30 0.0 0.0 1.0 1.0 2.455063416
40 0.0 0.0 1.0 1.0 3.211554638
50 0.0 0.0 1.0 1.0 3.968166957
60 0.0 0.0 1.0 1.0 4.758446743
70 0.0 0.0 1.0 1.0 5.54837611
80 0.0 0.0 1.0 1.0 6.339457225
90 0.0 0.0 1.0 1.0 7.13297658
100 0.0 0.0 1.0 1.0 7.926011472
110 0.0 0.0 1.0 1.0 8.71672223
120 0.0 0.0 1.0 1.0 9.523061147
130 0.0 0.0 1.0 1.0 10.313931235
140 0.0 0.0 1.0 1.0 11.10883074
150 0.0 0.0 1.0 1.0 11.904581055
160 0.0 0.0 1.0 1.0 12.694795447
170 0.0 0.0 1.0 1.0 13.485031522
180 0.0 0.0 1.0 1.0 14.275678741
190 0.0 0.0 1.0 1.0 15.064939044
200 0.0 0.0 1.0 1.0 15.856854847
210 0.0 0.0 1.0 1.0 16.647064742
220 0.0 0.0 1.0 1.0 17.437176887
230 0.0 0.0 1.0 1.0 18.229245915
240 0.0 0.0 1.0 1.0 19.019773399
250 0.0 0.0 1.0 1.0 19.810446949
260 0.0 0.0 1.0 1.0 20.603626317
270 0.0 0.0 1.0 1.0 21.394730812
280 0.0 0.0 1.0 1.0 22.191310035
290 0.0 0.0 1.0 1.0 22.988225123
300 0.0 0.0 1.0 1.0 23.783521601
310 0.0 0.0 1.0 1.0 24.579515088
320 0.0 0.0 1.0 1.0 25.372317732
330 0.0 0.0 1.0 1.0 26.170079213
340 0.0 0.0 1.0 1.0 26.96469021
350 0.0 0.0 1.0 1.0 27.761029878
360 0.0 0.0 1.0 1.0 28.55272802
370 0.0 0.0 1.0 1.0 29.341599658
380 0.0 0.0 1.0 1.0 30.135684264
390 0.0 0.0 1.0 1.0 30.927740989
400 0.0 0.0 1.0 1.0 31.770979098
410 0.0 0.0 1.0 1.0 32.562915216
420 0.0 0.0 1.0 1.0 33.360731792
430 0.0 0.0 1.0 1.0 34.152360985
440 0.0 0.0 1.0 1.0 34.944136165
450 0.0 0.0 1.0 1.0 35.735204676
460 0.0 0.0 1.0 1.0 36.525235785
470 0.0 0.0 1.0 1.0 37.316903876
480 0.0 0.0 1.0 1.0 38.107745943
490 0.0 0.0 1.0 1.0 38.898687155
500 0.0 0.0 1.0 1.0 39.723187121
510 0.0 0.0 1.0 1.0 40.514918401
520 0.0 0.0 1.0 1.0 41.306824413
530 0.0 0.0 1.0 1.0 42.098038888
540 0.0 0.0 1.0 1.0 42.931405066
550 0.0 0.0 1.0 1.0 43.725315095
560 0.0 0.0 1.0 1.0 44.515240752
570 0.0 0.0 1.0 1.0 45.329177099
580 0.0 0.0 1.0 1.0 46.120202876
590 0.0 0.0 1.0 1.0 46.972263259
600 0.0 0.0 1.0 1.0 47.762047351
610 0.0 0.0 1.0 1.0 48.551631877
620 0.0 0.0 1.0 1.0 49.345155558
630 0.0 0.0 1.0 1.0 50.137316785
640 0.0 0.0 1.0 1.0 50.929499059
650 0.0 0.0 1.0 1.0 51.722485438
660 0.0 0.0 1.0 1.0 52.513304689
670 0.0 0.0 1.0 1.0 53.304730957
680 0.0 0.0 1.0 1.0 54.096869501
690 0.0 0.0 1.0 1.0 54.940211272
700 0.0 0.0 1.0 1.0 55.734841909
710 0.0 0.0 1.0 1.0 56.532272917
720 0.0 0.0 1.0 1.0 57.328781194
730 0.0 0.0 1.0 1.0 58.131991288
740 0.0 0.0 1.0 1.0 58.927713825
750 0.0 0.0 1.0 1.0 59.737710904
760 0.0 0.0 1.0 1.0 60.532648133
770 0.0 0.0 1.0 1.0 61.328357598
780 0.0 0.0 1.0 1.0 62.127184226
790 0.0 0.0 1.0 1.0 62.923160091
800 0.0 0.0 1.0 1.0 63.719653688
810 0.0 0.0 1.0 1.0 64.516498528
820 0.0 0.0 1.0 1.0 65.311042259
830 0.0 0.0 1.0 1.0 66.101485478
840 0.0 0.0 1.0 1.0 66.893494752
850 0.0 0.0 1.0 1.0 67.686470052
860 0.0 0.0 1.0 1.0 68.533565697
870 0.0 0.0 1.0 1.0 69.326751191
880 0.0 0.0 1.0 1.0 70.122328086
890 0.0 0.0 1.0 1.0 70.915234207
900 0.0 0.0 1.0 1.0 71.710805612
910 0.0 0.0 1.0 1.0 72.49973521
920 0.0 0.0 1.0 1.0 73.29253366
930 0.0 0.0 1.0 1.0 74.083200716
940 0.0 0.0 1.0 1.0 74.872485499
950 0.0 0.0 1.0 1.0 75.664440098
960 0.0 0.0 1.0 1.0 76.455920512
970 0.0 0.0 1.0 1.0 77.265079915
980 0.0 0.0 1.0 1.0 78.078198955
990 0.0 0.0 1.0 1.0 78.872147669
