RHC 77.1 50 0.000499987602234
RHC 86.71 100 0.000499987602234
RHC 87.67 200 0.000500011444092
RHC 87.77 500 0.00199999809265
RHC 87.78 1000 0.000300002098083
RHC 87.78 2000 0.000599980354309
RHC 87.78 5000 0.00130000114441
RHC 87.78 10000 0.0029000043869
RHC 87.78 20000 0.00479998588562
RHC 87.78 50000 0.0132000207901
SA 72.0 50 0.00019998550415
SA 86.9 100 0.000300002098083
SA 107.69 200 0.000500011444092
SA 119.77 500 0.000300002098083
SA 120.98 1000 0.000699996948242
SA 121.1 2000 0.00169999599457
SA 121.11 5000 0.00390000343323
SA 121.11 10000 0.00880000591278
SA 121.11 20000 0.0186000108719
SA 121.11 50000 0.0376999855042
GA 78.5 50 0.00629999637604
GA 92.85 100 0.00840001106262
GA 105.09 200 0.0184000015259
GA 117.71 500 0.0332999944687
GA 121.77 1000 0.0693999767303
GA 123.28 2000 0.1382999897
GA 123.83 5000 0.345900011063
GA 124.18 10000 0.745000004768
GA 124.12 20000 1.52309999466
GA 124.31 50000 3.6859000206
MIMIC 98.8 50 0.108000016212
MIMIC 119.78 100 0.210400009155
MIMIC 123.98 200 0.401300001144
MIMIC 124.4 500 1.01019999981
MIMIC 124.44 600 1.1878000021
MIMIC 124.44 700 1.34879999161
MIMIC 124.44 800 1.5993999958
MIMIC 124.44 1000 2.01260001659
MIMIC 124.44 1500 3.10450000763
MIMIC 124.44 2000 4.1006000042
