RHC 3338.21 50 0.000400018692017
RHC 3351.07 100 0.000300002098083
RHC 3351.07 200 0.00019998550415
RHC 3351.07 500 0.00189998149872
RHC 3351.07 1000 0.000300002098083
RHC 3351.07 2000 0.000500011444092
RHC 3351.07 5000 0.00090000629425
RHC 3351.07 10000 0.00469999313354
RHC 3351.07 20000 0.00269999504089
RHC 3351.07 50000 0.00829999446869
RHC 3351.07 100000 0.0161999940872
SA 2356.21 50 0.000100016593933
SA 3497.37 100 9.99927520752e-05
SA 3509.59 200 0.000100016593933
SA 3509.59 500 0.000399994850159
SA 3509.59 1000 0.000800013542175
SA 3509.59 2000 0.00190000534058
SA 3509.59 5000 0.00460000038147
SA 3509.59 10000 0.00910000801086
SA 3509.59 20000 0.0180999994278
SA 3509.59 50000 0.0460999965668
SA 3509.59 100000 0.093700003624
GA 3604.85 50 0.0069000005722
GA 3669.6 100 0.0108000040054
GA 3689.76 200 0.0213999986649
GA 3717.45 500 0.0473999977112
GA 3739.61 1000 0.0959000110626
GA 3732.45 2000 0.196900010109
GA 3755.49 5000 0.513099980354
GA 3760.81 10000 1.06199998856
GA 3733.29 20000 2.06830000877
GA 3751.67 50000 5.19349999428
GA 3751.22 100000 10.141899991
MIMIC 3722.88 50 0.0756999969482
MIMIC 3800.51 200 0.279700016975
MIMIC 3861.22 500 0.701300001144
MIMIC 3867.21 800 1.09260001183
MIMIC 3875.89 1000 1.34949998856
MIMIC 3875.89 1200 1.64630000591
MIMIC 3875.89 1500 2.12679998875
MIMIC 3876.03 2000 2.74110000134
MIMIC 3876.69 4000 5.61470000744
MIMIC 3877.1 10000 14.1141000032
