RHC 11.1111111111 50 0.000400018692017
RHC 7.69230769231 100 0.000399994850159
RHC 7.14285714286 200 0.000399994850159
RHC 6.66666666667 500 0.00160000324249
RHC 6.66666666667 1000 0.000600004196167
RHC 6.66666666667 2000 0.00090000629425
RHC 6.66666666667 5000 0.00179998874664
RHC 6.66666666667 10000 0.00419998168945
RHC 6.66666666667 20000 0.00729999542236
RHC 6.66666666667 50000 0.0199000120163
Route:
[12, 11, 24, 4, 0, 20, 32, 29, 18, 9, 36, 17, 1, 26, 6, 21, 13, 16, 28, 5, 8, 3, 10, 2, 33, 22, 35, 15, 31, 23, 19, 7, 34, 39, 14, 27, 38, 37, 25, 30]
SA 20.0 50 0.0
SA 20.0 100 9.99927520752e-05
SA 20.0 200 9.99927520752e-05
SA 20.0 500 0.000300002098083
SA 20.0 1000 0.000500011444092
SA 12.5 2000 0.000999999046326
SA 6.66666666667 5000 0.00429999828339
SA 6.25 10000 0.00730001926422
SA 6.25 20000 0.0136999845505
SA 6.25 50000 0.0484999895096
Route:
[35, 36, 9, 25, 18, 1, 26, 12, 10, 3, 8, 23, 31, 15, 17, 37, 30, 29, 32, 20, 0, 4, 6, 21, 11, 24, 13, 7, 19, 34, 39, 14, 27, 16, 28, 38, 5, 2, 33, 22]
GA 5.88235294118 50 0.181200003624
GA 5.55555555556 100 0.351399993896
GA 5.55555555556 200 0.714300012589
GA 5.55555555556 500 1.84430000782
GA 5.55555555556 1000 3.85099999905
GA 5.55555555556 2000 7.55110001564
GA 5.55555555556 5000 18.7421000004
GA 5.55555555556 10000 37.4889999866
GA 5.55555555556 20000 75.5272000074
GA 5.55555555556 50000 189.088300014
Route:
[13, 38, 28, 16, 27, 14, 39, 34, 7, 23, 19, 31, 15, 8, 5, 3, 10, 12, 26, 1, 32, 29, 18, 9, 25, 37, 30, 17, 33, 22, 35, 2, 36, 20, 0, 4, 6, 21, 11, 24]
MIMIC 9.09090909091 50 0.66970000267
MIMIC 7.14285714286 100 1.29309999943
MIMIC 6.66666666667 200 2.60659999847
MIMIC 6.66666666667 500 6.54830000401
MIMIC 6.66666666667 600 7.81729998589
MIMIC 6.66666666667 700 9.15499999523
MIMIC 6.66666666667 800 10.484800005
MIMIC 6.66666666667 1000 12.9131999969
MIMIC 6.66666666667 1500 19.5662000179
MIMIC 6.66666666667 2000 26.2286000013
Route:
array('i', [26, 18, 32, 29, 1, 6, 21, 13, 39, 14, 16, 38, 27, 28, 11, 24, 4, 0, 20, 25, 9, 17, 35, 22, 33, 36, 37, 30, 2, 15, 8, 5, 34, 7, 19, 23, 31, 3, 10, 12])
